1311867170.7620 -0.0000 0.0000 -0.0000 0.0000 0.0000 -0.0000 1.0000
1311867171.4263 0.0032 0.0087 0.0413 -0.0177 -0.0118 0.0121 0.9997
1311867172.0942 0.0457 0.0247 0.0552 -0.0132 0.0120 0.0248 0.9995
1311867172.7624 0.0926 0.0211 0.0363 0.0047 0.0218 0.0289 0.9993
1311867173.7624 0.1146 0.0194 0.0170 0.0064 0.0359 0.0284 0.9989
1311867174.7624 0.1765 0.0186 -0.0002 0.0173 0.0480 0.0265 0.9983
1311867175.4266 0.2208 0.0201 0.0023 0.0293 0.0518 0.0268 0.9979
1311867176.0947 0.2746 0.0240 -0.0124 0.0294 0.0579 0.0278 0.9975
1311867176.7632 0.3161 0.0164 -0.0063 0.0159 0.0604 0.0346 0.9974
1311867177.4267 0.3642 0.0183 -0.0111 0.0137 0.0678 0.0439 0.9966
1311867178.0951 0.3977 0.0126 -0.0080 0.0135 0.0716 0.0406 0.9965
1311867178.7632 0.4370 0.0173 -0.0151 0.0130 0.0808 0.0438 0.9957
1311867179.4308 0.4661 0.0173 -0.0052 0.0008 0.0765 0.0456 0.9960
1311867180.0948 0.4827 0.0109 -0.0171 0.0078 0.0931 0.0451 0.9946
1311867181.0949 0.4523 0.0056 -0.0051 0.0117 0.0874 0.0590 0.9944
1311867181.7635 0.4158 0.0031 0.0074 0.0113 0.0874 0.0521 0.9947
1311867182.4308 0.3784 0.0076 0.0124 0.0051 0.0867 0.0462 0.9952
1311867183.1000 0.3380 0.0104 0.0268 0.0015 0.0735 0.0484 0.9961
1311867183.7676 0.2993 0.0120 0.0297 0.0034 0.0712 0.0553 0.9959
1311867184.7690 0.2366 0.0220 0.0388 0.0052 0.0672 0.0562 0.9961
1311867185.4373 0.1648 0.0257 0.0242 0.0072 0.0702 0.0478 0.9964
1311867186.0953 0.1060 0.0318 0.0288 0.0138 0.0732 0.0509 0.9959
1311867187.1016 0.0343 0.0197 0.0374 0.0318 0.0687 0.0346 0.9965
1311867188.1089 -0.0253 0.0049 0.0774 0.0375 0.0790 0.0541 0.9947
1311867188.7633 -0.0852 -0.0143 0.0957 0.0136 0.0690 0.0470 0.9964
1311867189.4315 -0.1229 -0.0150 0.1097 -0.0043 0.0428 0.0334 0.9985
1311867190.0996 -0.2288 -0.0371 0.1319 -0.0048 0.0514 0.0380 0.9979
1311867190.7635 -0.2761 -0.0355 0.1324 -0.0055 0.0507 0.0347 0.9981
1311867191.7636 -0.3553 -0.0321 0.1233 0.0070 0.0541 0.0423 0.9976
1311867193.0996 -0.4282 -0.0298 0.1110 0.0142 0.0501 0.0435 0.9977
1311867194.8319 -0.4880 -0.0355 0.1143 0.0214 0.0435 0.0453 0.9978
1311867196.4998 -0.4111 -0.0257 0.1008 0.0203 0.0460 0.0442 0.9978
1311867197.5319 -0.3450 -0.0201 0.0928 0.0218 0.0478 0.0463 0.9975
1311867198.6000 -0.2647 -0.0221 0.1028 0.0172 0.0496 0.0514 0.9973
1311867199.6999 -0.1543 -0.0275 0.1268 0.0102 0.0251 0.0380 0.9989
1311867200.8321 -0.1437 -0.0414 0.0914 0.0019 0.0599 0.0517 0.9969
1311867202.2681 -0.1376 -0.0459 0.0919 0.0014 0.0746 0.0597 0.9954
1311867204.2682 -0.0972 0.0220 0.1155 -0.0130 0.0646 0.0768 0.9949
1311867205.6003 -0.1315 0.0448 0.1024 -0.0201 0.0609 0.0696 0.9955
1311867207.2686 -0.1125 0.2339 0.0672 0.0232 0.0607 0.0687 0.9955
1311867208.6006 -0.1105 0.2969 0.0632 0.0219 0.0626 0.0789 0.9947
1311867209.9365 -0.1004 0.4230 0.0512 0.0301 0.0630 0.0899 0.9935
1311867212.9369 -0.0940 0.3386 0.0965 -0.0010 0.0577 0.0817 0.9950
1311867213.9371 -0.0965 0.3036 0.1085 0.0077 0.0489 0.0781 0.9957
1311867215.2691 -0.0925 0.2030 0.1395 0.0079 0.0424 0.0828 0.9956
1311867216.9374 -0.0966 0.1704 0.1382 0.0455 0.0368 0.0815 0.9950
1311867219.2709 -0.0598 0.0544 0.0798 0.0052 0.0406 0.0771 0.9962
1311867221.6072 -0.0734 -0.0261 0.0940 0.0207 0.0425 0.0709 0.9964
1311867222.6084 -0.0539 -0.0761 0.0912 0.0439 0.0525 0.0731 0.9950
1311867223.9389 -0.0320 -0.1130 0.0815 0.0568 0.0536 0.0522 0.9956
1311867224.9376 -0.0193 -0.1376 0.1087 0.0498 0.0375 0.0558 0.9965
1311867225.9379 0.0066 -0.1587 0.1272 0.0333 0.0370 0.0578 0.9971
1311867226.9378 0.0267 -0.1794 0.1570 0.0450 0.0428 0.0520 0.9967
1311867228.2738 0.0309 -0.1999 0.1574 0.0650 0.0393 0.0489 0.9959
1311867229.6380 0.0330 -0.1807 0.1674 0.0280 0.0435 0.0450 0.9976
1311867230.6741 0.0346 -0.1626 0.1609 -0.0037 0.0478 0.0480 0.9977
1311867232.0381 0.0330 -0.1341 0.1613 -0.0148 0.0529 0.0430 0.9976
1311867233.4422 0.0187 -0.1064 0.1574 -0.0356 0.0650 0.0445 0.9963
1311867235.1063 0.0201 -0.0907 0.1494 -0.0594 0.0683 0.0433 0.9950
1311867238.1746 0.0033 -0.0906 0.0006 -0.0388 0.0603 0.0569 0.9958
1311867239.1746 -0.0560 -0.0760 -0.1402 -0.0287 0.0679 0.0558 0.9957
1311867240.1745 -0.1215 -0.0648 -0.2513 -0.0197 0.0735 0.0556 0.9956
1311867241.5108 -0.1401 -0.0670 -0.3522 -0.0165 0.0875 0.0667 0.9938
1311867243.8428 -0.1665 -0.0623 -0.4885 0.0092 0.0702 0.0502 0.9962
1311867245.1749 -0.1905 -0.0360 -0.5575 0.0289 0.0608 0.0434 0.9968
1311867246.5110 -0.2059 -0.0168 -0.6604 0.0547 0.0632 0.0487 0.9953
1311867248.5112 -0.1801 -0.0242 -0.5749 0.0310 0.0506 0.0610 0.9964
1311867250.1759 -0.1814 -0.0686 -0.4387 0.0169 0.0579 0.0530 0.9968
1311867251.8433 -0.1554 -0.0630 -0.3013 0.0113 0.0538 0.0588 0.9968
1311867253.1794 -0.1333 -0.0506 -0.1939 0.0016 0.0767 0.0574 0.9954
1311867254.5114 -0.0491 -0.0229 0.0014 -0.0108 0.0665 0.0587 0.9960
1311867255.8457 -0.0109 -0.0326 0.1570 -0.0287 0.0548 0.0564 0.9965
1311867257.1821 0.0135 -0.0028 0.3184 -0.0338 0.0825 0.0600 0.9942
1311867259.8504 -0.0194 -0.0092 0.5283 -0.0682 0.0662 0.0482 0.9943
1311867261.8480 0.0232 0.0813 0.6637 -0.0676 0.0376 0.0494 0.9958
1311867263.5120 -0.0256 0.1839 0.8177 -0.0614 0.0448 0.0451 0.9961
1311867266.5125 -0.0292 0.2455 0.9719 -0.0837 0.0553 0.0395 0.9942
1311867269.2483 0.0253 0.0835 0.8950 -0.0867 0.0355 0.0567 0.9940
1311867270.7486 0.0657 -0.0526 0.8064 -0.0821 0.0257 0.0687 0.9939
1311867272.2807 0.0186 -0.0393 0.6365 -0.0746 0.0426 0.0661 0.9941
