1311867170.7620 -0.0000 -0.0000 -0.0000 0.0000 0.0000 0.0000 1.0000
1311867171.4263 0.0022 0.0268 0.0421 -0.0112 -0.0130 0.0109 0.9998
1311867172.0942 0.0232 0.0134 0.0537 -0.0179 0.0170 0.0236 0.9994
1311867172.7624 0.0594 0.0107 0.0445 -0.0044 0.0320 0.0260 0.9991
1311867173.4263 0.0987 0.0166 0.0386 0.0017 0.0444 0.0274 0.9986
1311867174.0945 0.1354 0.0206 0.0417 0.0027 0.0513 0.0243 0.9984
1311867174.7624 0.1762 0.0239 0.0320 0.0137 0.0577 0.0269 0.9979
1311867175.4266 0.2132 0.0202 0.0204 0.0240 0.0614 0.0275 0.9974
1311867175.7625 0.2423 0.0222 0.0118 0.0303 0.0637 0.0312 0.9970
1311867176.0947 0.2699 0.0272 0.0088 0.0247 0.0669 0.0285 0.9970
1311867176.7632 0.3129 0.0196 0.0131 0.0114 0.0685 0.0356 0.9970
1311867177.4267 0.3611 0.0223 0.0079 0.0095 0.0759 0.0448 0.9961
1311867178.0951 0.3941 0.0170 0.0108 0.0094 0.0798 0.0415 0.9959
1311867178.4307 0.4167 0.0193 0.0080 0.0072 0.0883 0.0436 0.9951
1311867179.0968 0.4413 0.0247 0.0028 0.0039 0.0795 0.0449 0.9958
1311867179.7627 0.4736 0.0207 0.0039 0.0018 0.0958 0.0476 0.9943
1311867181.0949 0.4499 0.0096 0.0123 0.0075 0.0950 0.0600 0.9936
1311867181.7635 0.4120 0.0078 0.0258 0.0073 0.0955 0.0528 0.9940
1311867182.4308 0.3744 0.0118 0.0319 0.0008 0.0952 0.0469 0.9944
1311867183.1000 0.3337 0.0148 0.0471 -0.0029 0.0825 0.0493 0.9954
1311867183.7676 0.2945 0.0152 0.0504 -0.0009 0.0802 0.0562 0.9952
1311867184.4311 0.2562 0.0155 0.0535 0.0019 0.0789 0.0551 0.9954
1311867184.7690 0.2287 0.0217 0.0577 0.0002 0.0772 0.0573 0.9954
1311867185.0991 0.1947 0.0234 0.0531 -0.0001 0.0761 0.0560 0.9955
1311867185.4373 0.1583 0.0251 0.0467 0.0022 0.0798 0.0493 0.9956
1311867186.0953 0.0992 0.0366 0.0407 0.0121 0.0826 0.0548 0.9950
1311867186.7673 0.0541 0.0380 0.0389 0.0254 0.0871 0.0581 0.9942
1311867187.7632 -0.0144 0.0068 0.0683 0.0370 0.0836 0.0530 0.9944
1311867188.4314 -0.0708 -0.0085 0.1011 0.0171 0.0937 0.0564 0.9938
1311867189.1026 -0.1367 -0.0351 0.1366 -0.0064 0.0617 0.0351 0.9975
1311867189.7634 -0.2081 -0.0325 0.1399 -0.0052 0.0632 0.0403 0.9972
1311867190.0996 -0.2444 -0.0282 0.1398 0.0017 0.0633 0.0435 0.9970
1311867190.7635 -0.3028 -0.0353 0.1494 -0.0010 0.0646 0.0397 0.9971
1311867191.4316 -0.3630 -0.0340 0.1456 0.0064 0.0658 0.0468 0.9967
1311867192.4316 -0.4207 -0.0295 0.1295 0.0160 0.0675 0.0471 0.9965
1311867193.0996 -0.4537 -0.0297 0.1319 0.0196 0.0632 0.0487 0.9966
1311867194.4639 -0.5082 -0.0354 0.1388 0.0240 0.0563 0.0498 0.9969
1311867195.8318 -0.4732 -0.0296 0.1293 0.0222 0.0612 0.0526 0.9965
1311867196.4998 -0.4382 -0.0255 0.1216 0.0253 0.0600 0.0492 0.9967
1311867197.1998 -0.3938 -0.0201 0.1113 0.0271 0.0615 0.0510 0.9964
1311867197.8679 -0.3486 -0.0169 0.1133 0.0285 0.0570 0.0556 0.9964
1311867198.6000 -0.2913 -0.0215 0.1198 0.0218 0.0631 0.0561 0.9962
1311867199.3000 -0.2463 -0.0336 0.1318 0.0187 0.0451 0.0401 0.9980
1311867200.0680 -0.1869 -0.0316 0.1369 0.0115 0.0493 0.0470 0.9976
1311867200.8321 -0.1277 -0.0239 0.1153 0.0147 0.0645 0.0585 0.9961
1311867201.9323 -0.0710 -0.0278 0.1005 0.0074 0.0770 0.0635 0.9950
1311867204.2682 -0.0299 0.0423 0.1234 -0.0034 0.0694 0.0788 0.9945
1311867205.2684 -0.0335 0.0970 0.1174 -0.0256 0.0559 0.0606 0.9963
1311867206.6005 -0.0294 0.1780 0.0972 -0.0265 0.0602 0.0601 0.9960
1311867207.9365 -0.0455 0.3000 0.0015 0.0044 0.0640 0.0834 0.9944
