1311867170.7620 -0.0000 0.0000 -0.0000 -0.0000 -0.0000 -0.0000 1.0000
1311867171.0942 0.0021 0.0216 0.0284 -0.0194 0.0069 0.0047 0.9998
1311867171.4263 -0.0092 0.0208 0.0410 -0.0153 -0.0085 0.0108 0.9998
1311867171.7621 0.0048 0.0217 0.0522 -0.0187 0.0004 0.0169 0.9997
1311867172.0942 0.0360 0.0209 0.0540 -0.0148 0.0138 0.0235 0.9995
1311867172.4265 0.0646 0.0206 0.0462 -0.0045 0.0265 0.0172 0.9995
1311867172.7624 0.0260 -0.0093 0.1038 -0.0141 0.0549 0.0207 0.9982
1311867173.0945 0.0391 -0.0140 0.1564 -0.0221 0.0732 0.0164 0.9969
1311867173.4263 0.0731 -0.0112 0.1443 -0.0155 0.0734 0.0177 0.9970
1311867173.7624 0.0746 -0.0173 0.1532 -0.0213 0.0829 0.0217 0.9961
1311867174.0945 0.1115 -0.0018 0.1471 -0.0119 0.0801 0.0143 0.9966
1311867174.4267 0.1219 -0.0085 0.1474 -0.0058 0.0840 0.0175 0.9963
1311867174.7624 0.1438 -0.0059 0.1389 -0.0036 0.0902 0.0169 0.9958
1311867175.0947 0.1629 -0.0085 0.1357 -0.0050 0.0942 0.0209 0.9953
1311867175.4266 0.1799 -0.0109 0.1254 0.0066 0.0940 0.0173 0.9954
1311867175.7625 0.2087 -0.0101 0.1143 0.0130 0.0962 0.0208 0.9951
1311867176.0947 0.2369 -0.0064 0.1091 0.0073 0.0991 0.0183 0.9949
1311867176.4268 0.2543 -0.0138 0.1103 -0.0010 0.0976 0.0228 0.9950
1311867176.7632 0.2801 -0.0133 0.1106 -0.0054 0.1005 0.0257 0.9946
1311867177.0947 0.3030 -0.0115 0.1047 -0.0058 0.1040 0.0304 0.9941
1311867177.4267 0.3276 -0.0126 0.1017 -0.0072 0.1080 0.0350 0.9935
1311867177.7625 0.3453 -0.0156 0.0995 -0.0052 0.1106 0.0341 0.9933
1311867178.0951 0.3616 -0.0185 0.1021 -0.0074 0.1115 0.0317 0.9932
1311867178.4307 0.3845 -0.0170 0.0976 -0.0095 0.1199 0.0337 0.9922
1311867178.7632 0.4012 -0.0149 0.0906 -0.0075 0.1199 0.0346 0.9922
1311867179.0968 0.4086 -0.0121 0.0900 -0.0125 0.1111 0.0350 0.9931
1311867179.4308 0.4311 -0.0149 0.0978 -0.0196 0.1156 0.0372 0.9924
1311867179.7627 0.4405 -0.0164 0.0894 -0.0141 0.1270 0.0375 0.9911
1311867180.0948 0.4464 -0.0218 0.0859 -0.0126 0.1320 0.0358 0.9905
1311867180.4309 0.4396 -0.0212 0.0926 -0.0124 0.1204 0.0450 0.9916
1311867180.7650 0.4303 -0.0223 0.0952 -0.0095 0.1216 0.0480 0.9914
1311867181.0949 0.4173 -0.0273 0.1001 -0.0087 0.1271 0.0499 0.9906
1311867181.4309 0.3992 -0.0297 0.1066 -0.0081 0.1291 0.0482 0.9904
1311867181.7635 0.3804 -0.0280 0.1162 -0.0090 0.1275 0.0427 0.9909
1311867182.0949 0.3613 -0.0267 0.1219 -0.0136 0.1306 0.0341 0.9908
1311867182.4308 0.3427 -0.0222 0.1252 -0.0155 0.1273 0.0370 0.9911
1311867182.7631 0.3233 -0.0181 0.1375 -0.0227 0.1153 0.0420 0.9922
1311867183.1000 0.3035 -0.0182 0.1429 -0.0193 0.1145 0.0396 0.9924
1311867183.4312 0.2871 -0.0182 0.1473 -0.0200 0.1153 0.0459 0.9921
1311867183.7676 0.2644 -0.0165 0.1492 -0.0170 0.1127 0.0465 0.9924
1311867184.0968 0.2470 -0.0135 0.1511 -0.0179 0.1119 0.0479 0.9924
1311867184.4311 0.2256 -0.0155 0.1552 -0.0146 0.1120 0.0453 0.9926
1311867184.7690 0.1978 -0.0083 0.1608 -0.0162 0.1103 0.0474 0.9926
1311867185.0991 0.1629 -0.0065 0.1589 -0.0165 0.1094 0.0462 0.9928
1311867185.4373 0.1246 -0.0053 0.1550 -0.0146 0.1135 0.0393 0.9926
1311867185.7650 0.0759 -0.0064 0.1597 -0.0146 0.1156 0.0389 0.9924
1311867186.0953 0.0211 -0.0272 0.1705 -0.0188 0.1360 0.0446 0.9895
1311867186.4360 0.0057 -0.0144 0.1684 -0.0078 0.1362 0.0485 0.9895
1311867186.7673 -0.0048 -0.0163 0.1866 -0.0030 0.1362 0.0453 0.9896
1311867187.1016 -0.0293 -0.0147 0.1723 0.0103 0.1190 0.0282 0.9924
