1311867170.4622 0.0000 0.0000 0.0000 0.0000 0.0000 0.0000 1.0000
1311867170.7941 0.0023 0.0219 0.0285 -0.0194 0.0069 0.0046 0.9998
1311867171.1262 -0.0098 0.0210 0.0412 -0.0155 -0.0082 0.0106 0.9998
1311867171.4622 0.0044 0.0228 0.0531 -0.0188 0.0008 0.0168 0.9997
1311867171.7941 0.0349 0.0223 0.0557 -0.0147 0.0142 0.0234 0.9995
1311867172.1263 0.0628 0.0229 0.0481 -0.0036 0.0268 0.0169 0.9995
1311867172.4623 0.0837 0.0237 0.0523 0.0022 0.0263 0.0254 0.9993
1311867172.7944 0.1055 0.0296 0.0543 0.0041 0.0320 0.0249 0.9992
1311867173.1267 0.1259 0.0296 0.0518 0.0091 0.0386 0.0267 0.9989
1311867173.4622 0.1440 0.0309 0.0545 0.0066 0.0408 0.0303 0.9987
1311867173.7943 0.1630 0.0329 0.0582 0.0101 0.0462 0.0238 0.9986
1311867174.1264 0.1862 0.0348 0.0559 0.0196 0.0447 0.0271 0.9984
1311867174.4630 0.2050 0.0347 0.0519 0.0204 0.0529 0.0269 0.9980
1311867174.7944 0.2256 0.0331 0.0510 0.0189 0.0567 0.0308 0.9977
1311867175.1265 0.2430 0.0306 0.0420 0.0304 0.0568 0.0278 0.9975
1311867175.4626 0.2727 0.0306 0.0343 0.0362 0.0594 0.0317 0.9971
1311867175.7948 0.3008 0.0336 0.0323 0.0301 0.0633 0.0291 0.9971
1311867176.1268 0.3188 0.0251 0.0349 0.0208 0.0623 0.0332 0.9973
1311867176.4629 0.3444 0.0246 0.0380 0.0157 0.0658 0.0362 0.9971
1311867176.7947 0.3686 0.0267 0.0349 0.0145 0.0695 0.0410 0.9966
1311867177.1266 0.3945 0.0258 0.0340 0.0126 0.0736 0.0458 0.9962
1311867177.4626 0.4131 0.0227 0.0336 0.0141 0.0765 0.0453 0.9959
1311867177.7945 0.4290 0.0202 0.0378 0.0116 0.0779 0.0429 0.9960
1311867178.1307 0.4516 0.0228 0.0360 0.0091 0.0871 0.0450 0.9951
1311867178.4628 0.4703 0.0250 0.0310 0.0104 0.0872 0.0464 0.9951
1311867178.8006 0.4772 0.0275 0.0313 0.0049 0.0788 0.0464 0.9958
1311867179.1310 0.4994 0.0247 0.0407 -0.0026 0.0836 0.0485 0.9953
1311867179.4637 0.5094 0.0231 0.0336 0.0024 0.0957 0.0493 0.9942
1311867179.7948 0.5160 0.0183 0.0304 0.0037 0.1008 0.0476 0.9938
1311867180.1307 0.5085 0.0182 0.0366 0.0038 0.0890 0.0567 0.9944
1311867180.4670 0.4993 0.0170 0.0388 0.0062 0.0905 0.0597 0.9941
1311867180.7949 0.4864 0.0115 0.0432 0.0066 0.0962 0.0619 0.9934
1311867181.1311 0.4679 0.0082 0.0489 0.0068 0.0986 0.0602 0.9933
1311867181.4628 0.4491 0.0083 0.0575 0.0053 0.0974 0.0548 0.9937
1311867181.7948 0.4297 0.0086 0.0630 0.0004 0.1011 0.0461 0.9938
1311867182.1314 0.4116 0.0111 0.0641 -0.0025 0.0979 0.0492 0.9940
1311867182.4629 0.3923 0.0136 0.0758 -0.0103 0.0861 0.0543 0.9948
1311867182.7970 0.3729 0.0129 0.0806 -0.0072 0.0856 0.0520 0.9949
1311867183.1344 0.3573 0.0116 0.0845 -0.0087 0.0865 0.0585 0.9945
1311867183.4667 0.3350 0.0117 0.0855 -0.0062 0.0841 0.0591 0.9947
1311867183.7971 0.3182 0.0139 0.0862 -0.0072 0.0831 0.0605 0.9947
1311867184.1312 0.2964 0.0112 0.0898 -0.0040 0.0838 0.0580 0.9948
1311867184.4655 0.2701 0.0159 0.0937 -0.0061 0.0818 0.0604 0.9948
1311867184.7995 0.2372 0.0153 0.0906 -0.0069 0.0805 0.0595 0.9950
1311867185.1360 0.2019 0.0148 0.0857 -0.0051 0.0841 0.0529 0.9950
1311867185.4654 0.1676 0.0206 0.0859 -0.0015 0.0805 0.0526 0.9954
1311867185.7989 0.1425 0.0245 0.0839 0.0045 0.0880 0.0582 0.9944
1311867186.1361 0.1189 0.0258 0.0842 0.0107 0.0922 0.0623 0.9937
1311867186.4659 0.1002 0.0259 0.0868 0.0182 0.0930 0.0610 0.9936
1311867186.8047 0.0773 0.0143 0.0953 0.0245 0.0822 0.0422 0.9954
1311867187.1339 0.0629 0.0099 0.1041 0.0321 0.0845 0.0473 0.9948
1311867187.4631 0.0392 -0.0001 0.1225 0.0318 0.0885 0.0557 0.9940
1311867187.8017 0.0147 -0.0058 0.1384 0.0294 0.0953 0.0600 0.9932
1311867188.1359 -0.0118 -0.0157 0.1583 0.0111 0.0981 0.0601 0.9933
1311867188.4632 -0.0373 -0.0283 0.1744 0.0023 0.0856 0.0522 0.9950
1311867188.8045 -0.0685 -0.0339 0.1936 -0.0113 0.0635 0.0400 0.9971
1311867189.1313 -0.0967 -0.0300 0.1879 -0.0144 0.0645 0.0402 0.9970
1311867189.4634 -0.1401 -0.0285 0.1983 -0.0108 0.0661 0.0452 0.9967
1311867189.7994 -0.1768 -0.0231 0.1998 -0.0041 0.0668 0.0481 0.9966
1311867190.1314 -0.2072 -0.0297 0.2115 -0.0150 0.0672 0.0456 0.9966
1311867190.4633 -0.2354 -0.0291 0.2106 -0.0075 0.0689 0.0442 0.9966
1311867190.7994 -0.2642 -0.0265 0.2092 -0.0055 0.0707 0.0485 0.9963
1311867191.1313 -0.2963 -0.0269 0.2081 -0.0010 0.0713 0.0510 0.9961
1311867191.4634 -0.3185 -0.0276 0.2032 0.0033 0.0742 0.0516 0.9959
1311867191.7997 -0.3354 -0.0294 0.1971 0.0073 0.0784 0.0516 0.9956
1311867192.1316 -0.3560 -0.0260 0.1922 0.0060 0.0747 0.0510 0.9959
1311867192.4635 -0.3755 -0.0277 0.1963 0.0024 0.0700 0.0511 0.9962
1311867192.7995 -0.3894 -0.0272 0.1955 0.0082 0.0715 0.0525 0.9960
1311867193.1316 -0.4057 -0.0280 0.1972 0.0093 0.0728 0.0513 0.9960
1311867193.4635 -0.4225 -0.0309 0.2021 0.0099 0.0710 0.0512 0.9961
1311867193.7996 -0.4363 -0.0304 0.2046 0.0105 0.0657 0.0518 0.9964
1311867194.1317 -0.4444 -0.0322 0.2039 0.0107 0.0666 0.0535 0.9963
1311867194.4638 -0.4496 -0.0330 0.2021 0.0126 0.0676 0.0544 0.9961
1311867194.7997 -0.4460 -0.0334 0.1993 0.0112 0.0705 0.0549 0.9959
1311867195.1317 -0.4321 -0.0301 0.1971 0.0096 0.0707 0.0555 0.9959
1311867195.4637 -0.4145 -0.0278 0.1953 0.0079 0.0725 0.0568 0.9957
1311867195.7996 -0.3967 -0.0255 0.1901 0.0095 0.0729 0.0537 0.9958
1311867196.1317 -0.3802 -0.0233 0.1875 0.0089 0.0727 0.0538 0.9959
1311867196.4678 -0.3613 -0.0233 0.1798 0.0113 0.0737 0.0506 0.9959
1311867196.7997 -0.3400 -0.0177 0.1749 0.0103 0.0754 0.0528 0.9957
1311867197.1318 -0.3179 -0.0153 0.1719 0.0112 0.0760 0.0555 0.9955
1311867197.4679 -0.2953 -0.0119 0.1739 0.0122 0.0725 0.0578 0.9956
1311867197.7998 -0.2737 -0.0156 0.1779 0.0119 0.0743 0.0609 0.9953
1311867198.1318 -0.2481 -0.0120 0.1792 0.0099 0.0768 0.0604 0.9952
1311867198.4679 -0.2203 -0.0166 0.1851 0.0031 0.0781 0.0593 0.9952
1311867198.7998 -0.1994 -0.0207 0.1893 0.0030 0.0686 0.0492 0.9964
1311867199.1320 -0.1808 -0.0266 0.1979 -0.0043 0.0621 0.0412 0.9972
1311867199.4679 -0.1532 -0.0259 0.2000 -0.0064 0.0641 0.0460 0.9969
1311867199.8000 -0.1274 -0.0233 0.1989 -0.0095 0.0692 0.0499 0.9963
1311867200.1321 -0.1025 -0.0193 0.1892 -0.0084 0.0757 0.0552 0.9956
1311867200.4681 -0.0767 -0.0154 0.1774 -0.0072 0.0833 0.0605 0.9947
1311867200.8000 -0.0565 -0.0102 0.1685 -0.0104 0.0831 0.0607 0.9946
1311867201.1322 -0.0375 -0.0084 0.1650 -0.0164 0.0822 0.0606 0.9946
1311867201.4680 -0.0138 -0.0076 0.1590 -0.0136 0.0919 0.0668 0.9934
1311867201.8002 0.0009 -0.0099 0.1579 -0.0151 0.0950 0.0685 0.9930
1311867202.1324 0.0138 -0.0087 0.1527 -0.0138 0.0974 0.0679 0.9928
1311867202.4681 0.0284 -0.0068 0.1542 -0.0273 0.0954 0.0707 0.9925
1311867202.8002 0.0322 -0.0041 0.1547 -0.0236 0.0976 0.0717 0.9924
1311867203.1324 0.0281 0.0071 0.1574 -0.0210 0.0973 0.0681 0.9927
1311867203.4682 0.0243 0.0247 0.1625 -0.0180 0.1001 0.0742 0.9921
1311867203.8001 0.0241 0.0399 0.1714 -0.0239 0.0979 0.0806 0.9916
1311867204.1322 0.0222 0.0560 0.1785 -0.0414 0.0907 0.0853 0.9913
1311867204.4682 0.0222 0.0735 0.1775 -0.0513 0.0828 0.0814 0.9919
1311867204.8004 0.0184 0.0909 0.1666 -0.0532 0.0814 0.0719 0.9927
1311867205.1363 0.0135 0.1085 0.1584 -0.0595 0.0785 0.0660 0.9930
1311867205.4683 0.0163 0.1270 0.1465 -0.0635 0.0806 0.0663 0.9925
1311867205.8002 0.0170 0.1456 0.1411 -0.0620 0.0800 0.0667 0.9926
1311867206.1364 0.0165 0.1655 0.1390 -0.0579 0.0840 0.0658 0.9926
1311867206.4684 0.0131 0.1863 0.1383 -0.0620 0.0881 0.0636 0.9921
1311867206.8005 0.0089 0.2077 0.1404 -0.0699 0.0938 0.0650 0.9910
1311867207.1364 0.0069 0.2260 0.1353 -0.0672 0.0956 0.0654 0.9910
1311867207.4686 0.0103 0.2488 0.1265 -0.0711 0.0964 0.0740 0.9900
1311867207.8009 0.0058 0.2671 0.1213 -0.0746 0.1001 0.0744 0.9894
1311867208.1366 0.0031 0.2837 0.1205 -0.0804 0.1023 0.0758 0.9886
1311867208.4686 0.0029 0.2936 0.1133 -0.0790 0.1055 0.0777 0.9882
1311867208.8006 0.0032 0.3075 0.1106 -0.0851 0.1042 0.0805 0.9876
1311867209.1452 0.0050 0.3230 0.1103 -0.0898 0.1063 0.0801 0.9870
1311867209.4685 0.0081 0.3395 0.1070 -0.0940 0.1103 0.0786 0.9863
1311867209.8014 0.0076 0.3500 0.1110 -0.0986 0.1053 0.0839 0.9860
1311867210.1367 0.0097 0.3552 0.1142 -0.0996 0.1030 0.0865 0.9859
1311867210.4690 0.0112 0.3563 0.1202 -0.0976 0.1043 0.0862 0.9860
1311867210.8007 0.0121 0.3554 0.1179 -0.0903 0.1073 0.0838 0.9866
1311867211.1368 0.0145 0.3509 0.1224 -0.0925 0.1066 0.0854 0.9863
1311867211.4687 0.0154 0.3468 0.1234 -0.0966 0.1060 0.0862 0.9859
1311867211.8010 0.0179 0.3374 0.1329 -0.1011 0.1038 0.0886 0.9855
1311867212.1371 0.0219 0.3270 0.1432 -0.1035 0.1028 0.0868 0.9855
1311867212.4688 0.0222 0.3181 0.1560 -0.1109 0.1027 0.0793 0.9853
1311867212.8008 0.0234 0.3085 0.1681 -0.1168 0.1030 0.0735 0.9851
1311867213.1370 0.0218 0.2975 0.1804 -0.1228 0.0998 0.0738 0.9846
1311867213.4690 0.0217 0.2777 0.1894 -0.1151 0.0983 0.0736 0.9857
1311867213.8016 0.0193 0.2638 0.1981 -0.1132 0.0926 0.0755 0.9864
1311867214.1382 0.0227 0.2514 0.2037 -0.1135 0.0899 0.0772 0.9864
1311867214.4697 0.0221 0.2365 0.2147 -0.1128 0.0886 0.0757 0.9868
1311867214.8049 0.0248 0.2176 0.2251 -0.1117 0.0892 0.0776 0.9867
1311867215.1369 0.0265 0.2042 0.2283 -0.1061 0.0900 0.0799 0.9870
1311867215.4690 0.0294 0.1860 0.2347 -0.1030 0.0878 0.0796 0.9876
1311867215.8048 0.0296 0.1757 0.2423 -0.1036 0.0876 0.0792 0.9876
1311867216.1392 0.0315 0.1577 0.2413 -0.0941 0.0896 0.0757 0.9886
1311867216.4697 0.0292 0.1477 0.2425 -0.0915 0.0895 0.0757 0.9889
1311867216.8050 0.0291 0.1387 0.2465 -0.0905 0.0863 0.0766 0.9892
1311867217.1370 0.0297 0.1282 0.2500 -0.0880 0.0892 0.0773 0.9891
1311867217.4694 0.0315 0.1161 0.2516 -0.0814 0.0939 0.0714 0.9897
1311867217.8051 0.0319 0.1031 0.2537 -0.0801 0.0948 0.0683 0.9899
1311867218.1371 0.0359 0.0952 0.2543 -0.0771 0.0931 0.0780 0.9896
1311867218.4729 0.0399 0.0843 0.2531 -0.0735 0.0936 0.0786 0.9898
1311867218.8052 0.0423 0.0751 0.2494 -0.0656 0.0970 0.0770 0.9901
1311867219.1383 0.0408 0.0639 0.2479 -0.0593 0.0977 0.0724 0.9908
1311867219.4717 0.0393 0.0561 0.2483 -0.0540 0.0926 0.0733 0.9915
1311867219.8051 0.0379 0.0444 0.2494 -0.0487 0.0913 0.0726 0.9920
1311867220.1420 0.0422 0.0326 0.2478 -0.0423 0.0922 0.0722 0.9922
1311867220.4728 0.0411 0.0251 0.2503 -0.0432 0.0916 0.0688 0.9925
1311867220.8097 0.0378 0.0145 0.2514 -0.0474 0.0975 0.0724 0.9915
1311867221.1397 0.0344 0.0013 0.2574 -0.0487 0.1038 0.0756 0.9905
1311867221.4712 0.0451 -0.0165 0.2674 -0.0487 0.0925 0.0667 0.9923
1311867221.8074 0.0553 -0.0315 0.2770 -0.0475 0.0918 0.0721 0.9920
1311867222.1406 0.0638 -0.0515 0.2695 -0.0339 0.1015 0.0779 0.9912
1311867222.4694 0.0643 -0.0626 0.2590 -0.0260 0.1081 0.0677 0.9915
1311867222.8093 0.0653 -0.0698 0.2537 -0.0301 0.1116 0.0593 0.9915
1311867223.1381 0.0723 -0.0827 0.2468 -0.0246 0.1127 0.0533 0.9919
1311867223.4758 0.0810 -0.0962 0.2483 -0.0240 0.1118 0.0524 0.9921
1311867223.8077 0.0820 -0.1114 0.2514 -0.0182 0.1064 0.0515 0.9928
1311867224.1375 0.0848 -0.1306 0.2574 -0.0274 0.0993 0.0534 0.9932
1311867224.4776 0.0902 -0.1450 0.2609 -0.0385 0.0968 0.0577 0.9929
1311867224.8056 0.0940 -0.1669 0.2572 -0.0391 0.0944 0.0536 0.9933
1311867225.1377 0.0995 -0.1804 0.2544 -0.0436 0.0924 0.0496 0.9935
1311867225.4737 0.1126 -0.1926 0.2620 -0.0633 0.0912 0.0609 0.9920
1311867225.8056 0.1219 -0.2041 0.2664 -0.0643 0.1015 0.0574 0.9911
1311867226.1377 0.1267 -0.2234 0.2726 -0.0685 0.1021 0.0515 0.9911
1311867226.4737 0.1332 -0.2350 0.2771 -0.0663 0.1032 0.0533 0.9910
1311867226.8056 0.1380 -0.2478 0.2803 -0.0616 0.1044 0.0521 0.9913
1311867227.1377 0.1448 -0.2593 0.2783 -0.0608 0.1025 0.0523 0.9915
1311867227.4737 0.1478 -0.2659 0.2764 -0.0632 0.1032 0.0528 0.9912
1311867227.8058 0.1460 -0.2810 0.2756 -0.0562 0.1023 0.0494 0.9919
1311867228.1378 0.1472 -0.2898 0.2789 -0.0561 0.1014 0.0494 0.9920
1311867228.4738 0.1499 -0.2840 0.2779 -0.0649 0.1010 0.0530 0.9914
1311867228.8059 0.1512 -0.2716 0.2782 -0.0717 0.1007 0.0516 0.9910
1311867229.1384 0.1494 -0.2572 0.2771 -0.0810 0.1030 0.0434 0.9904
1311867229.4737 0.1498 -0.2423 0.2782 -0.0905 0.1075 0.0485 0.9889
1311867229.8058 0.1503 -0.2306 0.2756 -0.1039 0.1094 0.0529 0.9871
1311867230.1380 0.1508 -0.2202 0.2773 -0.1098 0.1094 0.0525 0.9865
1311867230.4740 0.1509 -0.2110 0.2761 -0.1152 0.1122 0.0494 0.9858
1311867230.8059 0.1551 -0.2070 0.2741 -0.1126 0.1113 0.0494 0.9862
1311867231.1382 0.1583 -0.1939 0.2731 -0.1226 0.1117 0.0505 0.9849
1311867231.4741 0.1570 -0.1884 0.2695 -0.1209 0.1131 0.0469 0.9851
1311867231.8059 0.1582 -0.1784 0.2701 -0.1267 0.1140 0.0476 0.9842
1311867232.1381 0.1576 -0.1742 0.2709 -0.1322 0.1182 0.0480 0.9830
1311867232.4739 0.1534 -0.1687 0.2672 -0.1320 0.1203 0.0468 0.9828
1311867232.8059 0.1511 -0.1559 0.2635 -0.1382 0.1237 0.0479 0.9815
1311867233.1421 0.1487 -0.1456 0.2573 -0.1437 0.1250 0.0501 0.9804
1311867233.4740 0.1485 -0.1389 0.2557 -0.1494 0.1266 0.0514 0.9793
1311867233.8062 0.1493 -0.1328 0.2501 -0.1534 0.1280 0.0570 0.9782
1311867234.1424 0.1522 -0.1259 0.2442 -0.1585 0.1297 0.0632 0.9768
1311867234.4742 0.1496 -0.1237 0.2368 -0.1589 0.1323 0.0526 0.9770
1311867234.8060 0.1455 -0.1233 0.2296 -0.1626 0.1289 0.0505 0.9769
1311867235.1422 0.1503 -0.1226 0.2254 -0.1641 0.1285 0.0553 0.9765
1311867235.4741 0.1482 -0.1212 0.2190 -0.1642 0.1248 0.0546 0.9770
1311867235.8063 0.1502 -0.1222 0.2107 -0.1642 0.1234 0.0568 0.9770
1311867236.1423 0.1500 -0.1255 0.1977 -0.1623 0.1248 0.0606 0.9769
1311867236.4743 0.1441 -0.1312 0.1808 -0.1562 0.1214 0.0597 0.9784
1311867236.8063 0.1407 -0.1382 0.1603 -0.1501 0.1231 0.0575 0.9793
1311867237.1424 0.1392 -0.1403 0.1421 -0.1468 0.1256 0.0613 0.9792
1311867237.4744 0.1352 -0.1455 0.1231 -0.1442 0.1239 0.0643 0.9797
1311867237.8064 0.1272 -0.1510 0.1019 -0.1397 0.1256 0.0650 0.9800
1311867238.1424 0.1128 -0.1552 0.0820 -0.1377 0.1224 0.0633 0.9809
1311867238.4744 0.0992 -0.1586 0.0568 -0.1341 0.1259 0.0610 0.9810
1311867238.8064 0.0842 -0.1634 0.0267 -0.1329 0.1297 0.0598 0.9808
1311867239.1430 0.0632 -0.1625 -0.0040 -0.1339 0.1289 0.0599 0.9807
1311867239.4745 0.0438 -0.1636 -0.0282 -0.1332 0.1268 0.0580 0.9812
1311867239.8065 0.0307 -0.1674 -0.0566 -0.1243 0.1326 0.0563 0.9817
1311867240.1428 0.0157 -0.1691 -0.0803 -0.1224 0.1358 0.0579 0.9814
1311867240.4745 0.0096 -0.1667 -0.0964 -0.1214 0.1459 0.0637 0.9797
1311867240.8066 0.0083 -0.1761 -0.1202 -0.1124 0.1486 0.0638 0.9804
1311867241.1428 0.0097 -0.1810 -0.1417 -0.1178 0.1429 0.0668 0.9804
1311867241.4748 0.0116 -0.1830 -0.1561 -0.1143 0.1467 0.0618 0.9806
1311867241.8107 0.0125 -0.1876 -0.1744 -0.1094 0.1463 0.0628 0.9812
1311867242.1428 0.0096 -0.1890 -0.1911 -0.1064 0.1424 0.0607 0.9822
1311867242.4747 0.0046 -0.1869 -0.2070 -0.1074 0.1312 0.0634 0.9835
1311867242.8109 -0.0004 -0.1890 -0.2255 -0.1018 0.1273 0.0567 0.9850
1311867243.1429 -0.0013 -0.1871 -0.2454 -0.0990 0.1242 0.0537 0.9858
1311867243.4748 -0.0071 -0.1871 -0.2623 -0.0941 0.1210 0.0489 0.9870
1311867243.8107 -0.0165 -0.1870 -0.2773 -0.0903 0.1189 0.0482 0.9876
1311867244.1427 -0.0263 -0.1884 -0.2970 -0.0866 0.1233 0.0478 0.9874
1311867244.4748 -0.0413 -0.1947 -0.3157 -0.0840 0.1202 0.0443 0.9882
1311867244.8109 -0.0485 -0.1955 -0.3361 -0.0781 0.1160 0.0425 0.9893
1311867245.1429 -0.0504 -0.1966 -0.3588 -0.0776 0.1134 0.0444 0.9895
1311867245.4751 -0.0516 -0.1958 -0.3829 -0.0713 0.1124 0.0453 0.9901
1311867245.8110 -0.0496 -0.1970 -0.4042 -0.0661 0.1125 0.0518 0.9901
1311867246.1430 -0.0488 -0.2033 -0.4260 -0.0558 0.1088 0.0542 0.9910
1311867246.4751 -0.0493 -0.2034 -0.4372 -0.0559 0.1086 0.0526 0.9911
1311867246.8111 -0.0492 -0.2010 -0.4424 -0.0563 0.1056 0.0552 0.9913
1311867247.1430 -0.0461 -0.1951 -0.4386 -0.0603 0.1114 0.0538 0.9905
1311867247.4751 -0.0476 -0.1854 -0.4136 -0.0692 0.1103 0.0577 0.9898
1311867247.8111 -0.0473 -0.1811 -0.3900 -0.0745 0.1095 0.0602 0.9894
1311867248.1431 -0.0453 -0.1828 -0.3640 -0.0790 0.1103 0.0592 0.9890
1311867248.4759 -0.0421 -0.1857 -0.3383 -0.0793 0.1126 0.0566 0.9888
1311867248.8111 -0.0436 -0.1872 -0.3053 -0.0832 0.1133 0.0562 0.9885
1311867249.1435 -0.0479 -0.1873 -0.2733 -0.0875 0.1095 0.0583 0.9884
1311867249.4764 -0.0452 -0.1865 -0.2461 -0.0887 0.1133 0.0577 0.9879
1311867249.8111 -0.0413 -0.1894 -0.2172 -0.0910 0.1165 0.0566 0.9874
1311867250.1432 -0.0384 -0.1899 -0.1884 -0.0930 0.1177 0.0568 0.9871
1311867250.4793 -0.0360 -0.1901 -0.1645 -0.0964 0.1156 0.0562 0.9870
1311867250.8145 -0.0309 -0.1866 -0.1451 -0.0998 0.1174 0.0557 0.9865
1311867251.1432 -0.0243 -0.1805 -0.1264 -0.1013 0.1202 0.0557 0.9860
1311867251.4793 -0.0193 -0.1758 -0.1081 -0.1010 0.1198 0.0580 0.9859
1311867251.8112 -0.0147 -0.1751 -0.0881 -0.1005 0.1237 0.0570 0.9856
1311867252.1432 -0.0072 -0.1614 -0.0604 -0.1080 0.1302 0.0571 0.9839
1311867252.4792 0.0016 -0.1479 -0.0320 -0.1144 0.1372 0.0557 0.9823
1311867252.8112 0.0059 -0.1410 -0.0023 -0.1126 0.1459 0.0549 0.9813
1311867253.1440 0.0080 -0.1339 0.0243 -0.1111 0.1516 0.0538 0.9807
1311867253.4804 0.0133 -0.1162 0.0485 -0.1056 0.1496 0.0559 0.9815
1311867253.8113 0.0359 -0.0986 0.0759 -0.1158 0.1572 0.0555 0.9792
1311867254.1476 0.0589 -0.0919 0.1059 -0.1215 0.1436 0.0632 0.9801
1311867254.4794 0.0801 -0.0890 0.1420 -0.1290 0.1498 0.0620 0.9783
1311867254.8115 0.0907 -0.0855 0.1705 -0.1356 0.1488 0.0634 0.9775
1311867255.1510 0.0993 -0.0804 0.1978 -0.1445 0.1458 0.0659 0.9765
1311867255.4794 0.1082 -0.0769 0.2293 -0.1456 0.1386 0.0665 0.9773
1311867255.8175 0.1202 -0.0653 0.2520 -0.1420 0.1444 0.0662 0.9770
1311867256.1452 0.1392 -0.0492 0.2773 -0.1479 0.1568 0.0715 0.9739
1311867256.4843 0.1522 -0.0356 0.3061 -0.1502 0.1654 0.0643 0.9726
1311867256.8140 0.1628 -0.0225 0.3356 -0.1569 0.1652 0.0684 0.9713
1311867257.1474 0.1725 -0.0128 0.3663 -0.1534 0.1533 0.0711 0.9736
1311867257.4851 0.1781 -0.0114 0.3933 -0.1504 0.1389 0.0678 0.9765
1311867257.8180 0.1792 -0.0014 0.4103 -0.1565 0.1363 0.0643 0.9761
1311867258.1437 0.1802 0.0062 0.4213 -0.1579 0.1376 0.0638 0.9757
1311867258.4825 0.1773 0.0174 0.4354 -0.1633 0.1445 0.0663 0.9737
1311867258.8116 0.1748 0.0305 0.4565 -0.1630 0.1480 0.0747 0.9726
1311867259.1438 0.1685 0.0417 0.4863 -0.1775 0.1489 0.0684 0.9704
1311867259.4816 0.1740 0.0522 0.5177 -0.1837 0.1473 0.0683 0.9695
1311867259.8118 0.1777 0.0597 0.5434 -0.1769 0.1436 0.0678 0.9713
1311867260.1513 0.1842 0.0607 0.5786 -0.1794 0.1366 0.0665 0.9720
1311867260.4797 0.1865 0.0739 0.6066 -0.1756 0.1358 0.0667 0.9728
1311867260.8121 0.1888 0.1017 0.6297 -0.1905 0.1377 0.0684 0.9696
1311867261.1530 0.1999 0.1162 0.6550 -0.2009 0.1353 0.0717 0.9676
1311867261.4798 0.2148 0.1228 0.6779 -0.2027 0.1308 0.0718 0.9678
1311867261.8119 0.2254 0.1260 0.7101 -0.1968 0.1305 0.0690 0.9693
1311867262.1478 0.2396 0.1357 0.7505 -0.2021 0.1261 0.0697 0.9687
1311867262.4798 0.2522 0.1460 0.7920 -0.2072 0.1219 0.0654 0.9685
1311867262.8121 0.2569 0.1595 0.8175 -0.2209 0.1146 0.0706 0.9660
1311867263.1480 0.2622 0.1681 0.8429 -0.2279 0.1248 0.0808 0.9623
1311867263.4800 0.2588 0.1797 0.8744 -0.2307 0.1273 0.0813 0.9612
1311867263.8123 0.2548 0.1904 0.9048 -0.2290 0.1287 0.0852 0.9611
1311867264.1479 0.2577 0.2001 0.9305 -0.2338 0.1387 0.0857 0.9585
1311867264.4800 0.2623 0.2086 0.9498 -0.2411 0.1530 0.0890 0.9542
1311867264.8121 0.2618 0.2153 0.9604 -0.2412 0.1512 0.0864 0.9547
1311867265.1481 0.2659 0.2285 0.9738 -0.2510 0.1419 0.0868 0.9536
1311867265.4802 0.2711 0.2333 0.9942 -0.2564 0.1370 0.0800 0.9535
1311867265.8122 0.2749 0.2417 1.0018 -0.2567 0.1363 0.0760 0.9538
1311867266.1484 0.2838 0.2516 1.0103 -0.2658 0.1379 0.0776 0.9510
1311867266.4804 0.2868 0.2607 1.0171 -0.2752 0.1381 0.0816 0.9479
1311867266.8122 0.2875 0.2562 1.0100 -0.2622 0.1380 0.0821 0.9516
1311867267.1482 0.2858 0.2579 1.0016 -0.2548 0.1366 0.0842 0.9536
1311867267.4802 0.2855 0.2495 0.9859 -0.2494 0.1331 0.0834 0.9556
1311867267.8127 0.2833 0.2388 0.9695 -0.2484 0.1340 0.0821 0.9558
1311867268.1485 0.2845 0.2284 0.9458 -0.2439 0.1316 0.0826 0.9573
1311867268.4808 0.2880 0.2173 0.9198 -0.2413 0.1288 0.0840 0.9582
1311867268.8165 0.2910 0.2049 0.8863 -0.2361 0.1271 0.0829 0.9598
1311867269.1486 0.2963 0.1880 0.8579 -0.2270 0.1261 0.0805 0.9623
1311867269.4805 0.3011 0.1731 0.8284 -0.2127 0.1268 0.0790 0.9656
1311867269.8164 0.2999 0.1664 0.8055 -0.2063 0.1229 0.0820 0.9673
1311867270.1486 0.2951 0.1590 0.7745 -0.1978 0.1217 0.0810 0.9693
1311867270.4806 0.2844 0.1561 0.7484 -0.1940 0.1228 0.0809 0.9699
1311867270.8165 0.2720 0.1528 0.7267 -0.1885 0.1247 0.0800 0.9708
1311867271.1528 0.2592 0.1496 0.6999 -0.1922 0.1273 0.0768 0.9700
1311867271.4806 0.2482 0.1438 0.6607 -0.1933 0.1335 0.0761 0.9690
1311867271.8165 0.2309 0.1340 0.6093 -0.1878 0.1396 0.0746 0.9694
1311867272.1487 0.2117 0.1306 0.5760 -0.1875 0.1436 0.0771 0.9686
1311867272.4810 0.1963 0.1222 0.5520 -0.1871 0.1503 0.0809 0.9674
1311867272.8166 0.1765 0.1122 0.5428 -0.1920 0.1543 0.0785 0.9660
1311867273.1486 0.1617 0.1004 0.5285 -0.1894 0.1609 0.0777 0.9655
1311867273.4807 0.1426 0.0811 0.4994 -0.1790 0.1471 0.0689 0.9703
1311867273.8166 0.1364 0.0690 0.4635 -0.1722 0.1492 0.0754 0.9708
1311867274.1492 0.1313 0.0640 0.4153 -0.1767 0.1522 0.0779 0.9693
1311867274.4806 0.1252 0.0626 0.3800 -0.1890 0.1474 0.0773 0.9678
1311867274.8167 0.1192 0.0553 0.3387 -0.1933 0.1457 0.0791 0.9670
1311867275.1486 0.1155 0.0448 0.3003 -0.1869 0.1428 0.0799 0.9687
1311867275.4808 0.1181 0.0400 0.2603 -0.1826 0.1430 0.0798 0.9695
1311867275.8167 0.1228 0.0338 0.2235 -0.1761 0.1435 0.0788 0.9707
1311867276.1489 0.1219 0.0295 0.1940 -0.1722 0.1350 0.0725 0.9731
1311867276.4810 0.1226 0.0244 0.1684 -0.1680 0.1318 0.0690 0.9745
1311867276.8168 0.1238 0.0192 0.1421 -0.1647 0.1356 0.0713 0.9744
1311867277.1488 0.1201 0.0100 0.1102 -0.1599 0.1342 0.0700 0.9755
1311867277.4809 0.1120 0.0052 0.0853 -0.1622 0.1381 0.0666 0.9748
1311867277.8168 0.0953 -0.0020 0.0523 -0.1683 0.1340 0.0617 0.9746
1311867278.1490 0.0812 -0.0139 0.0241 -0.1838 0.1402 0.0605 0.9710
1311867278.4850 0.0673 -0.0253 -0.0012 -0.2002 0.1511 0.0662 0.9658
1311867278.8169 0.0550 -0.0362 -0.0287 -0.1955 0.1533 0.0660 0.9664
1311867279.1491 0.0466 -0.0517 -0.0550 -0.1835 0.1580 0.0719 0.9676
1311867279.4851 0.0362 -0.0626 -0.0790 -0.1760 0.1618 0.0686 0.9686
1311867279.8172 0.0193 -0.0742 -0.1032 -0.1657 0.1555 0.0635 0.9718
1311867280.1491 0.0062 -0.0866 -0.1237 -0.1493 0.1513 0.0592 0.9753
1311867280.4852 -0.0039 -0.0929 -0.1478 -0.1354 0.1464 0.0613 0.9780
1311867280.8172 -0.0125 -0.0989 -0.1720 -0.1219 0.1461 0.0629 0.9797
1311867281.1494 -0.0267 -0.1008 -0.1944 -0.1087 0.1469 0.0603 0.9813
1311867281.4851 -0.0395 -0.1015 -0.2116 -0.1092 0.1547 0.0567 0.9803
1311867281.8171 -0.0550 -0.1052 -0.2209 -0.1105 0.1595 0.0475 0.9798
1311867282.1548 -0.0697 -0.1066 -0.2346 -0.1072 0.1626 0.0472 0.9797
1311867282.4852 -0.0770 -0.1027 -0.2453 -0.1081 0.1649 0.0500 0.9791
1311867282.8174 -0.0771 -0.1038 -0.2597 -0.1025 0.1687 0.0541 0.9788
1311867283.1495 -0.0825 -0.1029 -0.2671 -0.1066 0.1689 0.0544 0.9783
1311867283.4853 -0.0848 -0.1050 -0.2731 -0.1083 0.1660 0.0530 0.9787
1311867283.8174 -0.0812 -0.1061 -0.2788 -0.1114 0.1671 0.0523 0.9782
1311867284.1494 -0.0812 -0.1120 -0.2827 -0.1044 0.1651 0.0526 0.9793
1311867284.4854 -0.0868 -0.1149 -0.2857 -0.1047 0.1684 0.0486 0.9789
1311867284.8186 -0.0860 -0.1110 -0.2846 -0.1054 0.1717 0.0515 0.9781
1311867285.1502 -0.0824 -0.1098 -0.2795 -0.1108 0.1720 0.0543 0.9773
1311867285.4853 -0.0813 -0.1102 -0.2856 -0.1080 0.1709 0.0542 0.9778
1311867285.8179 -0.0789 -0.1077 -0.2892 -0.1108 0.1706 0.0577 0.9774
1311867286.1506 -0.0776 -0.1101 -0.2931 -0.1140 0.1772 0.0577 0.9758
1311867286.4855 -0.0813 -0.1099 -0.2907 -0.1189 0.1801 0.0615 0.9745
1311867286.8176 -0.0839 -0.1118 -0.2900 -0.1157 0.1856 0.0611 0.9739
1311867287.1537 -0.0839 -0.1111 -0.2879 -0.1176 0.1846 0.0629 0.9737
1311867287.4867 -0.0835 -0.1132 -0.2870 -0.1176 0.1853 0.0629 0.9736
1311867287.8260 -0.0891 -0.1116 -0.2853 -0.1201 0.1819 0.0607 0.9741
1311867288.1540 -0.0853 -0.1088 -0.2863 -0.1221 0.1812 0.0603 0.9740
1311867288.4854 -0.0799 -0.1064 -0.2881 -0.1200 0.1782 0.0635 0.9746
1311867288.8192 -0.0796 -0.1084 -0.2866 -0.1195 0.1743 0.0616 0.9755
1311867289.1545 -0.0782 -0.1082 -0.2874 -0.1209 0.1772 0.0605 0.9749
