1311867170.7620 0.0000 0.0000 0.0000 0.0000 0.0000 0.0000 1.0000
1311867171.0942 0.0032 0.0220 0.0284 -0.0196 0.0071 0.0048 0.9998
1311867171.4263 -0.0082 0.0216 0.0408 -0.0162 -0.0077 0.0112 0.9998
1311867171.7621 0.0063 0.0224 0.0522 -0.0205 0.0015 0.0174 0.9996
1311867172.0942 0.0372 0.0224 0.0544 -0.0169 0.0152 0.0240 0.9995
1311867172.4265 0.0669 0.0218 0.0462 -0.0067 0.0275 0.0176 0.9994
1311867172.7624 0.0892 0.0222 0.0504 -0.0014 0.0269 0.0262 0.9993
1311867173.0945 0.1103 0.0283 0.0525 -0.0000 0.0333 0.0255 0.9991
1311867173.4263 0.1316 0.0279 0.0500 0.0044 0.0400 0.0274 0.9988
1311867173.7624 0.1509 0.0285 0.0525 0.0010 0.0422 0.0313 0.9986
1311867174.0945 0.1694 0.0299 0.0559 0.0038 0.0482 0.0249 0.9985
1311867174.4267 0.1927 0.0321 0.0539 0.0130 0.0471 0.0283 0.9984
1311867174.7624 0.2118 0.0315 0.0494 0.0130 0.0556 0.0284 0.9980
1311867175.0947 0.2326 0.0296 0.0483 0.0110 0.0598 0.0323 0.9976
1311867175.4266 0.2505 0.0263 0.0390 0.0217 0.0601 0.0292 0.9975
1311867175.7625 0.2812 0.0261 0.0308 0.0269 0.0626 0.0333 0.9971
1311867176.0947 0.3103 0.0280 0.0281 0.0199 0.0665 0.0310 0.9971
1311867176.4268 0.3289 0.0193 0.0305 0.0100 0.0656 0.0353 0.9972
1311867176.7632 0.3553 0.0192 0.0337 0.0044 0.0693 0.0383 0.9968
1311867177.0947 0.3794 0.0215 0.0307 0.0029 0.0735 0.0431 0.9964
1311867177.4267 0.4057 0.0207 0.0297 0.0004 0.0779 0.0481 0.9958
1311867177.7625 0.4249 0.0184 0.0296 0.0016 0.0812 0.0476 0.9956
1311867178.0951 0.4413 0.0164 0.0341 -0.0012 0.0828 0.0453 0.9955
1311867178.4307 0.4643 0.0184 0.0324 -0.0045 0.0922 0.0474 0.9946
1311867178.7632 0.4822 0.0208 0.0274 -0.0036 0.0931 0.0487 0.9945
1311867179.0968 0.4892 0.0240 0.0279 -0.0095 0.0851 0.0490 0.9951
1311867179.4308 0.5116 0.0217 0.0373 -0.0175 0.0902 0.0508 0.9945
1311867179.7627 0.5218 0.0203 0.0305 -0.0130 0.1027 0.0513 0.9933
1311867180.0948 0.5285 0.0143 0.0275 -0.0124 0.1082 0.0499 0.9928
1311867180.4309 0.5212 0.0146 0.0342 -0.0127 0.0970 0.0591 0.9934
1311867180.7650 0.5126 0.0136 0.0365 -0.0106 0.0989 0.0623 0.9931
1311867181.0949 0.5001 0.0082 0.0419 -0.0107 0.1049 0.0643 0.9923
1311867181.4309 0.4822 0.0047 0.0487 -0.0112 0.1077 0.0624 0.9922
1311867181.7635 0.4644 0.0053 0.0578 -0.0131 0.1066 0.0570 0.9926
1311867182.0949 0.4451 0.0058 0.0636 -0.0186 0.1106 0.0485 0.9925
1311867182.4308 0.4277 0.0088 0.0657 -0.0217 0.1077 0.0518 0.9926
1311867182.7631 0.4087 0.0119 0.0779 -0.0297 0.0964 0.0571 0.9933
1311867183.1000 0.3887 0.0109 0.0836 -0.0273 0.0967 0.0549 0.9934
1311867183.4312 0.3727 0.0102 0.0888 -0.0289 0.0985 0.0613 0.9928
1311867183.7676 0.3512 0.0108 0.0906 -0.0266 0.0964 0.0618 0.9931
1311867184.0968 0.3340 0.0132 0.0917 -0.0280 0.0959 0.0632 0.9930
1311867184.4311 0.3129 0.0101 0.0959 -0.0254 0.0968 0.0607 0.9931
1311867184.7690 0.2858 0.0151 0.1012 -0.0279 0.0957 0.0630 0.9930
1311867185.0991 0.2514 0.0145 0.0998 -0.0289 0.0955 0.0619 0.9931
1311867185.4373 0.2147 0.0134 0.0964 -0.0279 0.0998 0.0550 0.9931
1311867185.7650 0.1795 0.0188 0.0978 -0.0249 0.0970 0.0546 0.9935
1311867186.0953 0.1537 0.0229 0.0964 -0.0191 0.1054 0.0600 0.9924
1311867186.4360 0.1303 0.0249 0.0981 -0.0129 0.1099 0.0639 0.9918
1311867186.7673 0.1127 0.0246 0.1011 -0.0060 0.1108 0.0626 0.9918
