1311867170.7620 0.0000 -0.0000 0.0000 0.0000 0.0000 0.0000 1.0000
1311867172.4265 0.1136 0.0225 -0.0538 0.0051 -0.0199 -0.0041 0.9998
1311867173.0945 0.1581 0.0339 -0.0373 0.0158 -0.0149 0.0043 0.9998
1311867174.0945 0.2138 0.0308 -0.0304 0.0220 -0.0017 0.0038 0.9997
1311867175.0947 0.2773 0.0296 -0.0312 0.0318 0.0078 0.0115 0.9994
1311867175.7625 0.3281 0.0246 -0.0440 0.0493 0.0087 0.0134 0.9987
1311867176.4268 0.3726 0.0180 -0.0391 0.0343 0.0119 0.0141 0.9992
1311867177.0947 0.4222 0.0180 -0.0344 0.0284 0.0186 0.0217 0.9992
1311867177.7625 0.4668 0.0124 -0.0319 0.0285 0.0251 0.0261 0.9989
1311867178.4307 0.5052 0.0102 -0.0269 0.0239 0.0350 0.0258 0.9988
1311867179.0968 0.5300 0.0148 -0.0282 0.0203 0.0267 0.0265 0.9991
1311867179.7627 0.5615 0.0095 -0.0252 0.0186 0.0429 0.0294 0.9985
1311867181.4309 0.5181 -0.0018 -0.0158 0.0247 0.0435 0.0406 0.9979
1311867182.0949 0.4797 0.0003 -0.0071 0.0199 0.0452 0.0263 0.9984
1311867182.7631 0.4430 0.0055 -0.0000 0.0089 0.0289 0.0336 0.9990
1311867183.4312 0.4073 0.0046 0.0052 0.0106 0.0289 0.0380 0.9988
1311867184.4311 0.3489 0.0071 0.0030 0.0163 0.0241 0.0380 0.9989
1311867185.0991 0.2920 0.0139 -0.0035 0.0134 0.0198 0.0393 0.9989
1311867185.7650 0.2238 0.0212 -0.0162 0.0192 0.0197 0.0326 0.9991
1311867186.7673 0.1553 0.0306 -0.0236 0.0396 0.0312 0.0423 0.9978
1311867187.7632 0.0930 0.0051 0.0033 0.0537 0.0249 0.0381 0.9975
1311867188.7633 0.0070 -0.0188 0.0420 0.0258 0.0229 0.0315 0.9989
1311867189.4315 -0.0549 -0.0210 0.0490 0.0098 0.0021 0.0177 0.9998
1311867190.0996 -0.1352 -0.0132 0.0523 0.0201 0.0033 0.0263 0.9994
1311867191.0994 -0.2234 -0.0143 0.0513 0.0191 0.0064 0.0268 0.9994
1311867192.0998 -0.2932 -0.0113 0.0312 0.0334 0.0132 0.0308 0.9989
1311867193.0996 -0.3454 -0.0067 0.0218 0.0351 0.0049 0.0319 0.9989
1311867194.8319 -0.4031 -0.0098 0.0197 0.0427 -0.0028 0.0340 0.9985
1311867196.1677 -0.3472 -0.0071 0.0166 0.0392 0.0030 0.0326 0.9987
1311867197.1998 -0.2829 0.0007 0.0084 0.0420 0.0029 0.0344 0.9985
1311867198.1998 -0.2170 -0.0010 0.0224 0.0448 0.0011 0.0413 0.9981
1311867199.3000 -0.1448 -0.0189 0.0489 0.0338 -0.0101 0.0220 0.9991
1311867200.0680 -0.0869 -0.0188 0.0608 0.0254 -0.0053 0.0288 0.9992
1311867201.1682 -0.0080 -0.0059 0.0452 0.0244 0.0068 0.0402 0.9989
1311867202.6002 0.0721 -0.0509 0.0678 -0.0010 0.0171 0.0499 0.9986
1311867204.6003 0.0560 0.1105 0.0520 0.0113 0.0135 0.0595 0.9981
1311867206.2686 0.0373 0.1428 0.0239 0.0182 0.0168 0.0581 0.9980
1311867207.6006 0.0320 0.2215 0.0243 0.0120 0.0277 0.0631 0.9976
1311867208.9365 0.0276 0.2862 0.0119 -0.0003 0.0377 0.0705 0.9968
1311867210.2688 0.0329 0.3329 0.0241 -0.0182 0.0339 0.0754 0.9964
1311867212.9369 0.0400 0.2833 0.0613 -0.0299 0.0313 0.0667 0.9968
1311867213.9371 0.0325 0.2317 0.0810 -0.0274 0.0240 0.0624 0.9974
1311867215.2691 0.0329 0.1679 0.1012 -0.0215 0.0177 0.0677 0.9973
1311867216.6050 0.0268 0.1073 0.0990 -0.0041 0.0191 0.0633 0.9978
1311867219.2709 0.0193 0.1247 0.0733 0.0041 0.0226 0.0620 0.9978
1311867221.2720 0.0091 0.0655 0.0694 0.0205 0.0265 0.0633 0.9974
1311867222.2697 0.0277 0.0117 0.0847 0.0277 0.0195 0.0643 0.9974
1311867223.2779 0.0361 -0.0252 0.0586 0.0413 0.0373 0.0473 0.9973
1311867224.2769 0.0492 -0.0721 0.0585 0.0518 0.0266 0.0405 0.9975
1311867225.2793 0.0619 -0.1223 0.0527 0.0342 0.0157 0.0399 0.9985
1311867225.9379 0.0816 -0.1466 0.0590 0.0095 0.0199 0.0460 0.9987
1311867226.9378 0.0941 -0.1867 0.0729 0.0131 0.0280 0.0399 0.9987
1311867228.2738 0.0992 -0.2281 0.0711 0.0250 0.0239 0.0378 0.9987
1311867229.3059 0.1040 -0.2060 0.0780 0.0046 0.0245 0.0346 0.9991
1311867229.9740 0.1076 -0.1859 0.0726 -0.0180 0.0290 0.0373 0.9987
1311867231.0062 0.1117 -0.1689 0.0736 -0.0365 0.0332 0.0325 0.9983
1311867232.0381 0.1170 -0.1450 0.0730 -0.0500 0.0346 0.0304 0.9977
1311867233.4422 0.0983 -0.1611 0.0485 -0.0863 0.0503 0.0303 0.9945
1311867234.7741 0.0975 -0.1494 0.0296 -0.1060 0.0594 0.0316 0.9921
1311867238.1746 0.0744 -0.1986 -0.1194 -0.0937 0.0513 0.0424 0.9934
1311867239.1746 0.0467 -0.1668 -0.1982 -0.0759 0.0525 0.0389 0.9950
1311867240.1745 0.0085 -0.1649 -0.2884 -0.0670 0.0533 0.0348 0.9957
1311867241.5108 0.0064 -0.1651 -0.3745 -0.0607 0.0638 0.0473 0.9950
1311867243.8428 0.0077 -0.1558 -0.4955 -0.0322 0.0387 0.0301 0.9983
1311867245.5109 -0.0185 -0.1508 -0.6003 -0.0121 0.0310 0.0265 0.9991
1311867246.8431 -0.0057 -0.1466 -0.6739 0.0076 0.0235 0.0362 0.9990
1311867248.8433 -0.0164 -0.1478 -0.5691 -0.0137 0.0286 0.0374 0.9988
1311867250.1759 -0.0340 -0.1701 -0.4495 -0.0254 0.0301 0.0382 0.9985
1311867251.8433 -0.0272 -0.1772 -0.3385 -0.0343 0.0344 0.0383 0.9981
1311867253.1794 -0.0184 -0.1523 -0.2235 -0.0414 0.0595 0.0362 0.9967
1311867254.5114 0.0133 -0.1231 -0.0986 -0.0539 0.0584 0.0428 0.9959
1311867255.8457 0.0387 -0.1277 0.0282 -0.0720 0.0500 0.0435 0.9952
1311867257.5166 0.0708 -0.0955 0.1874 -0.0820 0.0592 0.0497 0.9936
1311867259.8504 0.0418 -0.0465 0.3420 -0.1032 0.0564 0.0438 0.9921
1311867261.8480 0.0895 0.0377 0.4954 -0.1128 0.0278 0.0420 0.9923
1311867262.8480 0.1176 0.0656 0.6133 -0.1115 0.0122 0.0344 0.9931
1311867264.8482 0.1013 0.1054 0.7686 -0.1362 0.0455 0.0622 0.9877
1311867269.9808 0.0574 -0.0677 0.6838 -0.1357 0.0372 0.0554 0.9885
1311867271.4487 0.0600 -0.0401 0.5458 -0.1106 0.0293 0.0514 0.9921
1311867272.2807 0.0327 -0.0629 0.4309 -0.1109 0.0429 0.0509 0.9916
