1311867170.7620 0.0000 0.0000 0.0000 0.0000 0.0000 0.0000 1.0000
1311867171.0942 0.0064 0.0258 0.0232 -0.0174 0.0046 0.0048 0.9998
1311867171.4263 -0.0077 0.0020 0.0455 -0.0207 -0.0109 0.0117 0.9997
1311867171.7621 0.0091 0.0150 0.0513 -0.0198 -0.0027 0.0176 0.9996
1311867172.0942 0.0389 0.0229 0.0574 -0.0123 0.0109 0.0242 0.9996
1311867172.4265 0.0675 0.0220 0.0449 -0.0014 0.0226 0.0176 0.9996
1311867172.7624 0.0891 0.0214 0.0475 0.0047 0.0208 0.0258 0.9994
1311867173.0945 0.1121 0.0344 0.0455 0.0088 0.0254 0.0253 0.9993
1311867173.4263 0.1315 0.0348 0.0418 0.0141 0.0320 0.0272 0.9990
1311867173.7624 0.1487 0.0385 0.0467 0.0126 0.0341 0.0308 0.9989
1311867174.0945 0.1657 0.0332 0.0540 0.0139 0.0399 0.0246 0.9988
1311867174.4267 0.1861 0.0373 0.0501 0.0243 0.0391 0.0272 0.9986
1311867174.7624 0.1991 0.0388 0.0452 0.0258 0.0488 0.0270 0.9981
1311867175.0947 0.2268 0.0237 0.0499 0.0199 0.0505 0.0324 0.9980
1311867175.4266 0.2403 0.0207 0.0420 0.0315 0.0517 0.0290 0.9977
1311867175.7625 0.2754 0.0201 0.0332 0.0376 0.0523 0.0347 0.9973
1311867176.0947 0.2994 0.0306 0.0292 0.0337 0.0570 0.0313 0.9973
1311867176.4268 0.3207 0.0206 0.0287 0.0239 0.0541 0.0357 0.9976
1311867176.7632 0.3475 0.0191 0.0288 0.0184 0.0567 0.0389 0.9975
1311867177.0947 0.3679 0.0188 0.0277 0.0169 0.0616 0.0440 0.9970
1311867177.4267 0.3940 0.0137 0.0271 0.0139 0.0653 0.0491 0.9966
1311867177.7625 0.4183 0.0065 0.0213 0.0144 0.0657 0.0499 0.9965
1311867178.0951 0.4316 -0.0002 0.0301 0.0112 0.0681 0.0468 0.9965
1311867178.4307 0.4477 0.0037 0.0271 0.0091 0.0788 0.0470 0.9957
1311867178.7632 0.4632 0.0027 0.0230 0.0098 0.0798 0.0478 0.9956
1311867179.0968 0.4773 0.0213 0.0162 0.0089 0.0677 0.0483 0.9965
1311867179.4308 0.5046 0.0116 0.0283 0.0002 0.0709 0.0513 0.9962
1311867179.7627 0.5068 0.0085 0.0271 0.0046 0.0858 0.0500 0.9950
1311867180.0948 0.5170 0.0090 0.0202 0.0080 0.0891 0.0490 0.9948
1311867180.4309 0.5066 0.0008 0.0321 0.0064 0.0783 0.0584 0.9952
1311867180.7650 0.4997 -0.0046 0.0316 0.0080 0.0783 0.0619 0.9950
1311867181.0949 0.4845 -0.0018 0.0305 0.0111 0.0834 0.0640 0.9944
1311867181.4309 0.4659 -0.0072 0.0346 0.0114 0.0853 0.0625 0.9943
1311867181.7635 0.4476 -0.0046 0.0417 0.0113 0.0831 0.0574 0.9948
1311867182.0949 0.4318 -0.0076 0.0513 0.0062 0.0857 0.0492 0.9951
1311867182.4308 0.4101 0.0039 0.0497 0.0065 0.0825 0.0518 0.9952
1311867182.7631 0.3892 0.0105 0.0596 0.0004 0.0700 0.0562 0.9960
1311867183.1000 0.3774 0.0046 0.0634 0.0023 0.0667 0.0549 0.9963
1311867183.4312 0.3605 0.0162 0.0631 0.0047 0.0668 0.0598 0.9960
1311867183.7676 0.3375 0.0157 0.0649 0.0072 0.0641 0.0605 0.9961
1311867184.0968 0.3211 0.0238 0.0636 0.0084 0.0623 0.0612 0.9961
1311867184.4311 0.2962 0.0176 0.0691 0.0108 0.0635 0.0586 0.9962
1311867184.7690 0.2774 0.0218 0.0686 0.0079 0.0584 0.0618 0.9963
1311867185.0991 0.2348 0.0429 0.0649 0.0138 0.0601 0.0573 0.9965
1311867185.4373 0.2034 0.0417 0.0570 0.0151 0.0616 0.0502 0.9967
1311867185.7650 0.1741 0.0507 0.0523 0.0190 0.0561 0.0513 0.9969
1311867186.0953 0.1457 0.0651 0.0470 0.0279 0.0641 0.0556 0.9960
1311867186.4360 0.1225 0.0574 0.0491 0.0315 0.0675 0.0616 0.9953
1311867186.7673 0.1122 0.0604 0.0462 0.0396 0.0646 0.0614 0.9952
1311867187.1016 0.0817 0.0446 0.0521 0.0453 0.0548 0.0428 0.9965
