1311867170.7620 0.0072 0.0172 0.0243 -0.0206 0.0046 0.0061 0.9998
1311867171.0942 -0.0083 -0.0140 0.0495 -0.0267 -0.0106 0.0132 0.9995
1311867171.4263 0.0079 -0.0106 0.0597 -0.0293 -0.0025 0.0194 0.9994
1311867171.7621 0.0431 -0.0028 0.0654 -0.0219 0.0090 0.0273 0.9993
1311867172.0942 0.0658 -0.0037 0.0521 -0.0109 0.0228 0.0199 0.9995
1311867172.4265 0.0808 -0.0045 0.0566 -0.0052 0.0246 0.0286 0.9993
1311867172.7624 0.1059 0.0229 0.0533 0.0054 0.0284 0.0293 0.9992
1311867173.0945 0.1197 0.0235 0.0514 0.0112 0.0367 0.0306 0.9988
1311867173.4263 0.1376 0.0268 0.0554 0.0097 0.0384 0.0339 0.9986
1311867173.7624 0.1483 0.0273 0.0635 0.0134 0.0462 0.0265 0.9985
1311867174.0945 0.1776 0.0268 0.0590 0.0225 0.0423 0.0310 0.9984
1311867174.4267 0.1928 0.0304 0.0534 0.0247 0.0511 0.0304 0.9979
1311867174.7624 0.2250 0.0215 0.0570 0.0215 0.0510 0.0356 0.9978
1311867175.0947 0.2327 0.0180 0.0506 0.0332 0.0546 0.0329 0.9974
1311867175.4266 0.2597 0.0190 0.0431 0.0397 0.0577 0.0366 0.9969
1311867175.7625 0.2783 0.0308 0.0440 0.0376 0.0652 0.0344 0.9966
1311867176.0947 0.3013 0.0226 0.0421 0.0288 0.0618 0.0388 0.9969
1311867176.4268 0.3253 0.0172 0.0446 0.0226 0.0657 0.0421 0.9967
1311867176.7632 0.3365 0.0218 0.0466 0.0227 0.0738 0.0450 0.9960
1311867177.0947 0.3644 0.0197 0.0426 0.0206 0.0767 0.0502 0.9956
1311867177.4267 0.3886 0.0130 0.0363 0.0213 0.0770 0.0511 0.9955
1311867177.7625 0.4059 0.0106 0.0417 0.0194 0.0777 0.0486 0.9956
1311867178.0951 0.4221 0.0121 0.0406 0.0168 0.0887 0.0503 0.9946
1311867178.4307 0.4394 0.0104 0.0363 0.0175 0.0892 0.0518 0.9945
1311867178.7632 0.4809 0.0392 0.0077 0.0200 0.0661 0.0585 0.9959
1311867179.0968 0.5166 0.0341 0.0102 0.0123 0.0656 0.0633 0.9958
1311867179.4308 0.5164 0.0331 0.0086 0.0173 0.0810 0.0614 0.9947
1311867179.7627 0.5272 0.0364 0.0002 0.0213 0.0839 0.0603 0.9944
1311867180.0948 0.5137 0.0299 0.0123 0.0202 0.0739 0.0687 0.9947
1311867180.4309 0.5006 0.0316 0.0115 0.0239 0.0756 0.0714 0.9943
1311867180.7650 0.4913 0.0346 0.0081 0.0273 0.0785 0.0738 0.9938
1311867181.0949 0.4737 0.0325 0.0099 0.0286 0.0798 0.0726 0.9938
1311867181.4309 0.4524 0.0324 0.0174 0.0278 0.0789 0.0669 0.9942
1311867181.7635 0.4414 0.0301 0.0201 0.0231 0.0795 0.0599 0.9948
1311867182.0949 0.4230 0.0309 0.0207 0.0204 0.0754 0.0629 0.9950
1311867182.4308 0.4136 0.0383 0.0244 0.0152 0.0577 0.0674 0.9959
1311867182.7631 0.4159 -0.0157 0.0296 -0.0009 0.0503 0.0686 0.9964
1311867183.1000 0.3901 0.0101 0.0287 0.0070 0.0531 0.0714 0.9960
1311867183.4312 0.3684 0.0071 0.0307 0.0093 0.0502 0.0725 0.9961
1311867183.7676 0.3485 0.0109 0.0310 0.0093 0.0498 0.0732 0.9960
1311867184.0968 0.3247 0.0054 0.0357 0.0125 0.0507 0.0706 0.9961
1311867184.4311 0.3146 0.0201 0.0262 0.0136 0.0422 0.0746 0.9962
1311867184.7690 0.2617 0.0604 0.0203 0.0262 0.0466 0.0662 0.9964
1311867185.0991 0.2152 0.0599 0.0187 0.0288 0.0540 0.0586 0.9964
1311867185.4373 0.1820 0.0609 0.0176 0.0313 0.0498 0.0591 0.9965
1311867185.7650 0.1603 0.0650 0.0116 0.0375 0.0555 0.0659 0.9956
1311867186.0953 0.1413 0.0624 0.0129 0.0430 0.0575 0.0709 0.9949
1311867186.4360 0.1321 0.0622 0.0112 0.0507 0.0547 0.0706 0.9947
1311867186.7673 0.0931 0.0410 0.0202 0.0556 0.0495 0.0505 0.9959
