1311867170.7620 0.0000 0.0000 0.0000 0.0000 0.0000 0.0000 1.0000
1311867171.4263 -0.0123 0.0158 0.0430 -0.0124 -0.0093 0.0094 0.9998
1311867172.0942 0.0469 0.0264 0.0578 -0.0087 0.0070 0.0242 0.9996
1311867172.7624 0.0866 0.0339 0.0473 0.0079 0.0215 0.0252 0.9994
1311867173.7624 0.1487 0.0460 0.0479 0.0139 0.0341 0.0300 0.9989
1311867174.7624 0.2089 0.0585 0.0394 0.0298 0.0459 0.0270 0.9981
1311867175.4266 0.2545 0.0451 0.0344 0.0365 0.0467 0.0281 0.9978
1311867176.0947 0.3040 0.0650 0.0225 0.0416 0.0553 0.0273 0.9972
1311867176.7632 0.3549 0.0532 0.0226 0.0267 0.0540 0.0353 0.9976
1311867177.4267 0.3944 0.0575 0.0224 0.0259 0.0645 0.0444 0.9966
1311867178.0951 0.4323 0.0466 0.0254 0.0236 0.0671 0.0411 0.9966
1311867178.7632 0.4586 0.0464 0.0194 0.0205 0.0805 0.0419 0.9957
1311867179.4308 0.5036 0.0481 0.0280 0.0099 0.0709 0.0461 0.9964
1311867180.0948 0.5227 0.0406 0.0188 0.0168 0.0866 0.0458 0.9951
1311867181.0949 0.4849 0.0369 0.0292 0.0213 0.0824 0.0593 0.9946
1311867181.7635 0.4438 0.0391 0.0396 0.0225 0.0839 0.0516 0.9949
1311867182.4308 0.4131 0.0514 0.0428 0.0193 0.0806 0.0461 0.9955
1311867183.1000 0.3781 0.0538 0.0560 0.0160 0.0654 0.0485 0.9966
1311867183.7676 0.3397 0.0594 0.0617 0.0192 0.0630 0.0552 0.9963
1311867184.7690 0.2795 0.0594 0.0659 0.0174 0.0573 0.0577 0.9965
1311867185.4373 0.2121 0.0593 0.0517 0.0173 0.0587 0.0501 0.9969
1311867186.0953 0.1539 0.0717 0.0430 0.0263 0.0614 0.0561 0.9962
1311867187.1016 0.0869 0.0560 0.0492 0.0460 0.0530 0.0412 0.9967
1311867188.1089 0.0233 0.0328 0.0766 0.0490 0.0655 0.0605 0.9948
1311867188.7633 -0.0386 0.0213 0.0986 0.0255 0.0556 0.0485 0.9969
1311867189.4315 -0.0994 -0.0011 0.1088 0.0045 0.0343 0.0375 0.9987
1311867190.0996 -0.1651 -0.0103 0.1119 0.0112 0.0310 0.0484 0.9983
1311867190.7635 -0.2248 -0.0415 0.1207 -0.0003 0.0332 0.0440 0.9985
1311867191.7636 -0.2991 -0.0528 0.1069 0.0069 0.0346 0.0522 0.9980
1311867193.0996 -0.3769 -0.0516 0.0930 0.0142 0.0333 0.0515 0.9980
1311867194.8319 -0.4382 -0.0503 0.0916 0.0249 0.0267 0.0529 0.9979
1311867196.4998 -0.3668 -0.0343 0.0845 0.0260 0.0314 0.0533 0.9977
1311867197.5319 -0.2893 -0.0259 0.0768 0.0277 0.0287 0.0566 0.9976
1311867198.6000 -0.2109 -0.0161 0.0904 0.0270 0.0305 0.0607 0.9973
1311867199.6999 -0.1444 -0.0094 0.1103 0.0254 0.0140 0.0451 0.9986
1311867200.8321 -0.0567 0.0079 0.0978 0.0292 0.0348 0.0619 0.9970
1311867202.2681 0.0242 0.0206 0.0957 0.0288 0.0449 0.0662 0.9964
1311867204.2682 0.0357 0.0823 0.1114 0.0129 0.0422 0.0807 0.9958
1311867205.6003 0.0498 0.1550 0.0956 -0.0112 0.0237 0.0638 0.9976
1311867207.2686 0.0445 0.2582 0.0942 -0.0158 0.0362 0.0627 0.9972
1311867208.6006 0.0406 0.3350 0.0718 -0.0254 0.0428 0.0769 0.9958
1311867209.9365 0.0588 0.3884 0.0688 -0.0422 0.0438 0.0826 0.9947
1311867212.9369 0.0665 0.3500 0.1143 -0.0540 0.0347 0.0773 0.9949
1311867213.9371 0.0479 0.2918 0.1330 -0.0530 0.0299 0.0708 0.9956
1311867215.2691 0.0437 0.2200 0.1474 -0.0472 0.0227 0.0746 0.9958
1311867216.9374 0.0352 0.1368 0.1473 -0.0323 0.0214 0.0700 0.9968
1311867219.2709 0.0367 0.0551 0.1407 -0.0008 0.0298 0.0690 0.9972
1311867221.6072 0.0163 -0.0289 0.1415 0.0122 0.0291 0.0672 0.9972
1311867222.6084 0.0496 -0.0899 0.1429 0.0333 0.0335 0.0704 0.9964
1311867223.9389 0.0480 -0.1108 0.1439 0.0531 0.0417 0.0479 0.9966
1311867224.9376 0.0716 -0.1533 0.1528 0.0397 0.0218 0.0524 0.9976
1311867225.9379 0.1141 -0.2168 0.1566 0.0071 0.0161 0.0547 0.9983
1311867226.9378 0.1200 -0.2649 0.1702 0.0077 0.0261 0.0499 0.9984
1311867228.2738 0.1184 -0.2986 0.1675 0.0217 0.0249 0.0469 0.9984
1311867229.6380 0.1289 -0.2525 0.1812 -0.0036 0.0252 0.0416 0.9988
1311867230.6741 0.1308 -0.1892 0.2006 -0.0170 0.0286 0.0428 0.9985
1311867232.0381 0.1456 -0.1630 0.2153 -0.0279 0.0282 0.0391 0.9984
1311867233.4422 0.1108 -0.0711 0.2148 -0.0268 0.0456 0.0396 0.9978
1311867235.1063 0.1123 -0.0525 0.2187 -0.0471 0.0479 0.0398 0.9969
1311867238.1746 0.1254 -0.0351 0.0813 -0.0218 0.0322 0.0551 0.9977
1311867239.1746 0.0810 -0.0163 0.0037 -0.0124 0.0413 0.0503 0.9978
1311867240.1745 0.0450 0.0072 -0.0842 -0.0023 0.0423 0.0470 0.9980
1311867241.5108 0.0376 0.0265 -0.1708 0.0045 0.0528 0.0602 0.9968
1311867243.8428 0.0499 0.0505 -0.2832 0.0294 0.0286 0.0428 0.9982
1311867245.1749 0.0147 0.0657 -0.3596 0.0469 0.0254 0.0353 0.9979
1311867246.5110 0.0261 0.0973 -0.4426 0.0735 0.0178 0.0461 0.9961
1311867248.5112 0.0221 0.0853 -0.3788 0.0516 0.0166 0.0503 0.9973
1311867250.1759 0.0091 0.0499 -0.2467 0.0414 0.0216 0.0472 0.9978
1311867251.8433 0.0134 0.0275 -0.1369 0.0319 0.0254 0.0481 0.9980
1311867253.1794 0.0296 0.0332 -0.0268 0.0236 0.0447 0.0492 0.9975
1311867254.5114 0.0615 0.0477 0.0991 0.0107 0.0404 0.0562 0.9975
1311867255.8457 0.0758 0.0334 0.2198 -0.0044 0.0324 0.0543 0.9980
1311867257.1821 0.1057 0.0477 0.3458 -0.0140 0.0565 0.0611 0.9964
1311867259.8504 0.0664 0.0675 0.5314 -0.0345 0.0363 0.0548 0.9972
1311867261.8480 0.0704 0.0832 0.6892 -0.0522 0.0159 0.0525 0.9971
1311867263.5120 0.0919 0.0693 0.8576 -0.0808 0.0057 0.0613 0.9948
1311867266.5125 0.0716 0.1011 1.0281 -0.1138 0.0183 0.0547 0.9918
1311867269.2483 0.0963 0.0843 0.8957 -0.0744 0.0019 0.0608 0.9954
1311867270.7486 0.0977 0.0739 0.7718 -0.0320 -0.0013 0.0615 0.9976
1311867272.2807 0.0641 0.1022 0.6225 -0.0221 0.0142 0.0593 0.9979
