1311867170.7620 0.0000 0.0000 0.0000 0.0000 0.0000 0.0000 1.0000
1311867171.4263 -0.0111 0.0183 0.0401 -0.0136 -0.0090 0.0100 0.9998
1311867172.0942 0.0372 0.0272 0.0561 -0.0114 0.0113 0.0241 0.9996
1311867172.7624 0.0733 0.0370 0.0457 0.0064 0.0262 0.0246 0.9993
1311867173.4263 0.1139 0.0548 0.0380 0.0163 0.0380 0.0250 0.9988
1311867174.0945 0.1404 0.0642 0.0501 0.0197 0.0487 0.0205 0.9984
1311867174.7624 0.1812 0.0685 0.0363 0.0310 0.0550 0.0241 0.9977
1311867175.4266 0.2249 0.0628 0.0307 0.0409 0.0566 0.0249 0.9972
1311867175.7625 0.2544 0.0547 0.0244 0.0441 0.0592 0.0296 0.9968
1311867176.0947 0.2861 0.0685 0.0162 0.0408 0.0609 0.0260 0.9970
1311867176.7632 0.3383 0.0603 0.0116 0.0269 0.0590 0.0341 0.9973
1311867177.4267 0.3801 0.0548 0.0097 0.0221 0.0692 0.0436 0.9964
1311867178.0951 0.4165 0.0461 0.0119 0.0207 0.0723 0.0414 0.9963
1311867178.4307 0.4275 0.0443 0.0143 0.0170 0.0858 0.0422 0.9953
1311867179.0968 0.4513 0.0536 0.0105 0.0151 0.0773 0.0440 0.9959
1311867179.7627 0.4793 0.0554 0.0122 0.0149 0.0945 0.0452 0.9944
1311867181.0949 0.4586 0.0367 0.0197 0.0188 0.0923 0.0588 0.9938
1311867181.7635 0.4208 0.0364 0.0335 0.0194 0.0929 0.0520 0.9941
1311867182.4308 0.3932 0.0449 0.0362 0.0150 0.0878 0.0462 0.9949
1311867183.1000 0.3642 0.0515 0.0462 0.0129 0.0696 0.0486 0.9963
1311867183.7676 0.3267 0.0555 0.0514 0.0158 0.0670 0.0556 0.9961
1311867184.4311 0.2799 0.0565 0.0578 0.0192 0.0686 0.0536 0.9960
1311867184.7690 0.2606 0.0611 0.0583 0.0171 0.0637 0.0573 0.9962
1311867185.0991 0.2234 0.0804 0.0535 0.0216 0.0636 0.0532 0.9963
1311867185.4373 0.1879 0.0729 0.0501 0.0211 0.0671 0.0472 0.9964
1311867186.0953 0.1284 0.0777 0.0434 0.0285 0.0700 0.0549 0.9956
1311867186.7673 0.0907 0.0748 0.0437 0.0402 0.0720 0.0603 0.9948
1311867187.7632 0.0349 0.0429 0.0650 0.0517 0.0631 0.0565 0.9951
1311867188.4314 -0.0128 0.0300 0.0889 0.0320 0.0694 0.0598 0.9953
1311867189.1026 -0.0678 0.0046 0.1123 0.0103 0.0332 0.0380 0.9987
1311867189.7634 -0.1292 -0.0417 0.1169 -0.0058 0.0318 0.0484 0.9983
1311867190.0996 -0.1618 -0.0443 0.1116 -0.0017 0.0304 0.0510 0.9982
1311867190.7635 -0.2151 -0.0685 0.1210 -0.0094 0.0301 0.0490 0.9983
1311867191.4316 -0.2714 -0.0748 0.1131 -0.0048 0.0302 0.0558 0.9980
1311867192.4316 -0.3336 -0.0868 0.0951 -0.0000 0.0342 0.0526 0.9980
1311867193.0996 -0.3635 -0.0871 0.0936 0.0036 0.0289 0.0549 0.9981
1311867194.4639 -0.4072 -0.0908 0.0945 0.0088 0.0172 0.0553 0.9983
1311867195.8318 -0.3820 -0.0848 0.0880 0.0075 0.0258 0.0587 0.9979
1311867196.4998 -0.3504 -0.0793 0.0854 0.0114 0.0261 0.0563 0.9980
1311867197.1998 -0.3010 -0.0705 0.0776 0.0138 0.0259 0.0595 0.9978
1311867197.8679 -0.2624 -0.0421 0.0796 0.0234 0.0233 0.0668 0.9972
1311867198.6000 -0.2046 -0.0483 0.0911 0.0158 0.0291 0.0657 0.9973
1311867199.3000 -0.1549 -0.0545 0.1064 0.0148 0.0091 0.0493 0.9986
1311867200.0680 -0.0985 -0.0474 0.1163 0.0087 0.0138 0.0556 0.9983
1311867200.8321 -0.0655 0.0169 0.1014 0.0324 0.0379 0.0619 0.9968
1311867201.9323 0.0097 0.0290 0.0883 0.0297 0.0434 0.0665 0.9964
1311867204.2682 0.0309 0.0830 0.1102 0.0136 0.0419 0.0823 0.9956
1311867205.2684 0.0322 0.1366 0.1042 -0.0078 0.0268 0.0648 0.9975
1311867206.6005 0.0384 0.2172 0.0873 -0.0079 0.0300 0.0658 0.9974
1311867207.9365 0.0325 0.3043 0.0821 -0.0199 0.0406 0.0763 0.9961
