1311867170.7620 0.0000 0.0000 0.0000 0.0000 0.0000 0.0000 1.0000
1311867172.4265 0.0692 0.0346 0.0456 0.0064 0.0212 0.0169 0.9996
1311867173.0945 0.1127 0.0204 0.0512 0.0074 0.0249 0.0261 0.9993
1311867174.0945 0.1501 0.0315 0.0646 0.0176 0.0459 0.0225 0.9985
1311867175.0947 0.2167 0.0262 0.0605 0.0259 0.0546 0.0304 0.9977
1311867175.7625 0.2486 0.0205 0.0474 0.0427 0.0627 0.0301 0.9967
1311867176.4268 0.2969 0.0158 0.0429 0.0283 0.0631 0.0317 0.9971
1311867177.0947 0.3542 0.0129 0.0382 0.0213 0.0666 0.0406 0.9967
1311867177.7625 0.3950 0.0161 0.0352 0.0242 0.0736 0.0436 0.9960
1311867178.4307 0.4319 0.0105 0.0379 0.0181 0.0839 0.0427 0.9954
1311867179.0968 0.4593 0.0224 0.0310 0.0169 0.0737 0.0443 0.9962
1311867179.7627 0.4920 0.0158 0.0324 0.0148 0.0898 0.0474 0.9947
1311867181.4309 0.4531 0.0021 0.0469 0.0215 0.0893 0.0588 0.9940
1311867182.0949 0.4216 0.0005 0.0581 0.0158 0.0889 0.0458 0.9949
1311867182.7631 0.3768 0.0080 0.0702 0.0075 0.0748 0.0531 0.9958
1311867183.4312 0.3502 0.0088 0.0751 0.0109 0.0712 0.0582 0.9957
1311867184.4311 0.2898 0.0063 0.0815 0.0162 0.0667 0.0573 0.9960
1311867185.0991 0.2571 -0.0144 0.0782 0.0050 0.0536 0.0632 0.9965
1311867185.7650 0.1696 0.0065 0.0731 0.0172 0.0591 0.0527 0.9967
1311867186.7673 0.1048 -0.0006 0.0721 0.0334 0.0694 0.0635 0.9950
1311867187.7632 0.0432 -0.0323 0.1004 0.0468 0.0633 0.0585 0.9952
1311867188.7633 -0.0452 -0.0550 0.1354 0.0200 0.0625 0.0513 0.9965
1311867189.4315 -0.0992 -0.0789 0.1509 -0.0014 0.0395 0.0404 0.9984
1311867190.0996 -0.1735 -0.0553 0.1531 0.0156 0.0381 0.0483 0.9980
1311867191.0994 -0.2653 -0.0881 0.1641 0.0050 0.0436 0.0490 0.9978
1311867192.0998 -0.3318 -0.1237 0.1538 0.0071 0.0490 0.0539 0.9973
1311867193.0996 -0.3788 -0.1136 0.1480 0.0126 0.0382 0.0547 0.9977
1311867194.8319 -0.4527 -0.1203 0.1478 0.0205 0.0370 0.0563 0.9975
1311867196.1677 -0.3979 -0.1140 0.1418 0.0173 0.0425 0.0556 0.9974
1311867197.1998 -0.3239 -0.1083 0.1323 0.0185 0.0383 0.0590 0.9973
1311867198.1998 -0.2650 -0.0960 0.1408 0.0264 0.0390 0.0670 0.9966
1311867199.3000 -0.1855 -0.1169 0.1629 0.0114 0.0248 0.0479 0.9985
1311867200.0680 -0.1316 -0.1048 0.1730 0.0078 0.0304 0.0554 0.9980
1311867201.1682 -0.0513 -0.0812 0.1517 0.0092 0.0403 0.0673 0.9969
1311867202.6002 0.0082 -0.0656 0.1454 0.0098 0.0553 0.0744 0.9956
1311867204.6003 0.0230 0.0155 0.1706 -0.0154 0.0410 0.0893 0.9950
1311867206.2686 0.0134 0.1086 0.1419 -0.0257 0.0366 0.0706 0.9965
1311867207.6006 0.0280 0.1979 0.1285 -0.0279 0.0389 0.0801 0.9956
1311867208.9365 0.0259 0.2617 0.1124 -0.0405 0.0474 0.0880 0.9942
1311867210.2688 0.0365 0.3139 0.1220 -0.0567 0.0415 0.0949 0.9930
1311867212.9369 0.0480 0.2704 0.1614 -0.0675 0.0373 0.0868 0.9932
1311867213.9371 0.0298 0.2129 0.1865 -0.0660 0.0329 0.0809 0.9940
1311867215.2691 0.0264 0.1518 0.2083 -0.0583 0.0273 0.0847 0.9943
1311867216.6050 0.0185 0.0918 0.2145 -0.0402 0.0286 0.0789 0.9957
1311867219.2709 0.0227 0.0026 0.2160 -0.0083 0.0364 0.0766 0.9964
1311867221.2720 0.0154 -0.0728 0.2132 0.0037 0.0392 0.0793 0.9961
1311867222.2697 0.0345 -0.1196 0.2319 0.0131 0.0327 0.0782 0.9963
1311867223.2779 0.0336 -0.1489 0.2110 0.0295 0.0531 0.0589 0.9964
1311867224.2769 0.0479 -0.1904 0.2129 0.0423 0.0422 0.0517 0.9969
1311867225.2793 0.0659 -0.2508 0.2071 0.0220 0.0287 0.0525 0.9980
1311867225.9379 0.0814 -0.2690 0.2192 0.0004 0.0345 0.0584 0.9977
1311867226.9378 0.0856 -0.3123 0.2329 0.0027 0.0455 0.0527 0.9976
1311867228.2738 0.0934 -0.3619 0.2260 0.0110 0.0409 0.0506 0.9978
1311867229.3059 0.0999 -0.3280 0.2368 -0.0042 0.0402 0.0462 0.9981
1311867229.9740 0.0942 -0.2887 0.2435 -0.0177 0.0460 0.0501 0.9975
1311867231.0062 0.1104 -0.2432 0.2524 -0.0249 0.0448 0.0452 0.9977
1311867232.0381 0.1115 -0.2089 0.2615 -0.0336 0.0469 0.0438 0.9974
1311867233.4422 0.1020 -0.1400 0.2630 -0.0387 0.0571 0.0445 0.9966
1311867234.7741 0.1108 -0.1057 0.2499 -0.0498 0.0616 0.0476 0.9957
1311867238.1746 0.1018 -0.0977 0.1117 -0.0240 0.0479 0.0589 0.9968
1311867239.1746 0.0621 -0.0939 0.0338 -0.0181 0.0538 0.0543 0.9969
1311867240.1745 0.0226 -0.0813 -0.0523 -0.0091 0.0550 0.0513 0.9971
1311867241.5108 0.0258 -0.0689 -0.1392 -0.0021 0.0621 0.0650 0.9959
1311867243.8428 0.0177 -0.0514 -0.2493 0.0253 0.0416 0.0451 0.9978
1311867245.5109 -0.0102 -0.0313 -0.3505 0.0472 0.0348 0.0395 0.9975
1311867246.8431 -0.0016 -0.0172 -0.4216 0.0677 0.0288 0.0479 0.9961
1311867248.8433 -0.0051 -0.0291 -0.3242 0.0463 0.0310 0.0511 0.9971
1311867250.1759 -0.0221 -0.0675 -0.2135 0.0332 0.0318 0.0517 0.9976
1311867251.8433 -0.0142 -0.0875 -0.1061 0.0247 0.0351 0.0517 0.9977
1311867253.1794 0.0040 -0.0744 0.0037 0.0182 0.0554 0.0522 0.9969
1311867254.5114 0.0344 -0.0545 0.1271 0.0085 0.0528 0.0583 0.9969
1311867255.8457 0.0566 -0.0652 0.2455 -0.0069 0.0443 0.0573 0.9973
1311867257.5166 0.0929 -0.0382 0.3971 -0.0130 0.0504 0.0643 0.9966
1311867259.8504 0.0574 -0.0342 0.5557 -0.0386 0.0491 0.0583 0.9963
1311867261.8480 0.0769 -0.0074 0.7079 -0.0559 0.0270 0.0570 0.9964
1311867262.8480 0.0909 -0.0253 0.8245 -0.0617 0.0151 0.0501 0.9967
1311867264.8482 0.0805 -0.0098 0.9737 -0.0906 0.0438 0.0774 0.9919
1311867269.9808 0.1243 -0.0122 0.8425 -0.0489 0.0122 0.0661 0.9965
1311867271.4487 0.0939 -0.0028 0.7452 -0.0318 0.0137 0.0636 0.9974
1311867272.2807 0.0723 0.0203 0.6370 -0.0256 0.0263 0.0647 0.9972
